1	3.7354164
10	3.5
100	2.0
1000	3.4107144
10000	2.25
10003	1.0
10006	3.5
10009	4.0
10012	3.1631198
10015	3.73125
10018	3.656126
10021	2.0
10024	3.3806684
10027	3.855575
1003	2.3333333
10030	3.1333332
10033	2.9460318
10036	3.8090336
10039	3.0
10042	4.5175505
10045	3.0
10048	3.875
10051	3.3638391
10054	3.0375
10057	3.1041667
1006	4.0916667
10060	3.4642856
10063	4.1168156
10066	3.09375
10069	1.0
10072	4.3569446
10075	2.5
10078	3.234261
10081	5.0
10084	3.7881045
10087	3.277778
1009	3.0
10090	4.2423615
10093	2.5
10096	3.889236
10099	4.315625
10102	3.3394306
10105	3.5120106
10108	2.1666667
10111	3.6239583
10114	3.105962
10117	3.7399082
1012	3.5604434
10120	3.0476189
10123	3.236152
10126	3.794137
10129	2.8888886
10132	3.4
10135	3.8020833
10138	3.1875
10141	4.255213
10144	3.4320514
10147	4.1778364
1015	3.6145833
10150	4.0
10153	3.0168154
10156	3.05
10159	3.8242912
10162	4.011622
10165	2.7286031
10168	3.0576825
10171	3.2083333
10174	3.3181548
10177	3.0833333
1018	3.5952382
10180	2.0
10183	1.6666666
10186	3.41875
10189	3.233457
10192	3.0
10195	3.6
10198	3.3201907
10201	3.875
10204	3.2458334
10207	3.0
1021	3.617926
10210	2.2222223
10213	4.117708
10216	3.0
10219	2.4
10222	3.6318243
10225	3.8852885
10228	3.0
10231	3.7119079
10234	2.8005953
10237	3.25
1024	3.04375
10240	3.0237684
10243	2.6328173
10246	3.0187018
10249	3.3333335
10252	3.0
10255	3.9767838
10258	1.8888888
10261	2.7270834
10264	3.25
10267	4.0
1027	3.409227
10270	2.0
10273	3.9104164
10276	3.980184
10279	3.9285715
10282	2.7522829
10285	3.5
10288	2.5833333
10291	3.0
10294	3.326999
10297	3.6
103	4.5
1030	3.5
10300	3.9246688
10303	1.5
10306	3.0208335
10309	3.0
10312	1.0
10315	2.25
10318	3.6944447
10321	4.267857
10324	2.8333333
10327	2.4666667
1033	2.5145833
10330	2.0
10333	2.875
10336	4.0
10339	3.6666667
10342	2.875
10345	3.5226822
10348	3.25
10351	3.0
10354	4.0047617
10357	3.7083335
1036	3.9722223
10360	3.5281386
10363	3.5464473
10366	2.6666665
10369	4.31875
10372	3.983437
10375	3.5608141
10378	3.6763022
10381	3.1
10384	1.8333334
10387	3.3
1039	3.2386906
10390	3.0833333
10393	3.0483134
10396	3.7023811
10399	3.5
10402	3.1666667
10405	3.3333333
10408	3.4166667
10411	3.857143
10414	2.0833333
10417	2.9761903
1042	2.78
10420	3.7299747
10423	3.785657
10426	3.9929574
10429	3.4366324
10432	2.5
10435	2.7627976
10438	2.8642857
10441	4.8333335
10444	3.3785713
10447	4.375
1045	3.6201386
10450	3.9583335
10453	4.186012
10456	3.6309526
10459	4.095238
10462	3.0
10465	4.138889
10468	3.2142856
10471	3.4020655
10474	3.06374
10477	2.3333333
1048	3.1458333
10480	3.6979167
10483	3.25
10486	3.0706327
10489	3.6666667
10492	3.7630951
10495	2.857143
10498	2.5
10501	3.6889882
10504	3.8458524
10507	5.0
1051	3.188988
10510	3.1851192
10513	3.2083333
10516	2.5
10519	4.6666665
10522	2.9910717
10525	3.5
10528	3.875
10531	2.4791667
10534	2.0
10537	3.419643
10540	3.6666667
10543	3.3194447
10546	3.0
10552	4.375
10555	3.5238097
10558	3.2166667
10561	3.785752
10564	3.5639086
10567	1.3333334
1057	3.0
10570	2.8645833
10573	3.9104166
10576	3.680506
10579	3.75
10582	3.5289528
10585	3.2
10588	2.0666666
10591	2.1666667
10594	2.779167
106	4.4416666
1060	3.0545857
10600	2.9682539
10603	3.5
10606	3.9587314
10609	3.9490576
10612	4.03405
10615	3.4444447
10618	3.0
10621	4.0625
10624	3.4309525
10627	3.6177602
1063	2.35
10630	3.4833333
10633	2.7367265
10636	3.455442
10639	3.6743588
10642	2.7519841
10645	3.3480158
10648	3.0
10651	3.25
10654	3.6090772
10657	3.0506945
1066	3.739788
10660	3.6770833
10666	4.028512
10669	4.0611854
10672	1.75
10675	2.6666667
10678	3.7795744
10681	3.4166667
10684	1.8354167
10687	1.0
1069	4.095918
10690	4.5
10693	3.011905
10696	3.1525009
10699	3.875
10702	3.6475677
10705	1.75
10708	1.8333334
10711	3.145833
10717	2.6666667
1072	4.0
10720	3.3333333
10723	2.4
10726	3.7934525
10729	3.9847226
10732	3.3749998
10735	3.0
10738	3.857143
10741	2.6699405
10744	3.8752768
10747	3.6573868
1075	3.1465926
10750	3.199175
10753	4.5
10756	3.3333333
10759	2.6021137
10762	3.2
10765	2.6666665
10768	2.5
10771	4.0020833
10774	3.8912394
10777	4.5
1078	2.9
10780	3.125
10783	3.55
10786	3.4765167
10789	3.0944445
10792	3.9145832
10795	2.9333334
10798	3.25
10801	2.0
10804	3.0
1081	2.625
10810	4.1595235
10813	3.5
10816	2.0
10819	3.1145833
10822	3.346828
10825	4.267361
10828	3.7618597
10831	1.6
10834	2.84375
10837	4.3166666
1084	4.032143
10843	2.5
10846	3.0345778
10849	2.7638886
10852	3.7255094
10855	2.8
10858	3.5
10861	3.4607275
10864	3.3333333
10867	2.375
1087	3.1875002
10870	3.0
10873	1.9166667
10876	4.428571
10879	2.328869
10882	3.5833333
10885	2.8690474
10888	2.25
10894	3.0314531
10897	4.055556
109	2.2976189
1090	3.0
10900	3.0
10903	3.5214014
10906	3.4908392
10909	2.8761904
10912	3.59963
10915	4.541667
10918	3.8387036
10921	3.1296923
10924	3.0
10927	2.7
1093	2.4
10930	3.889583
10933	3.3333335
10936	3.2708335
10939	3.4708333
10942	3.1904762
10945	3.9802084
10948	4.0
10951	4.042128
10954	3.25
10957	3.2854166
1096	3.310052
10960	2.361111
10963	2.8333333
10966	3.0
10969	1.5
10972	3.0
10975	2.4166665
10978	2.8333333
10981	3.4873734
10984	3.6083333
10987	4.0833335
1099	3.6111114
10990	4.0
10993	3.1047618
10996	3.1661203
10999	3.6031744
11002	4.3
11005	3.4985883
11008	3.3333333
11011	1.0
11014	2.238095
11017	5.0
1102	3.586337
11020	4.25
11023	4.1666665
11026	3.9666665
11029	2.9376898
11032	3.1664233
11035	3.5
11038	3.9088066
11041	3.6666667
11044	4.0
11047	3.5937722
1105	3.4479167
11050	4.235242
11053	3.875
11056	4.3333335
11059	3.6493056
11062	3.6392503
11065	3.2808266
11068	4.4617066
11071	3.7723215
11074	3.0
11077	3.6082788
1108	3.5
11080	2.955532
11083	2.2
11086	2.0
11089	4.307456
11092	3.212784
11095	2.86452
11098	3.1666667
11101	3.9238577
11104	4.0
11107	3.3333335
1111	3.6708333
11110	3.1706862
11113	4.25
11116	2.5
11119	3.5272818
11122	3.6944447
11125	3.9244046
11128	2.4
11131	3.142857
11134	3.6430545
11137	3.3660715
1114	3.095238
11140	3.3625994
11143	3.5
11146	2.5
11149	3.149467
11152	4.2039757
11155	3.5190477
11158	3.2142856
11161	2.7760344
11164	4.2270217
11167	3.8169641
1117	1.75
11170	2.51875
11173	3.3951745
11176	3.542944
11179	2.5
11182	3.5647655
11185	3.3119047
11188	2.9333334
11191	4.1783185
11194	2.75
11197	3.2916667
112	3.3333333
1120	3.3888474
11203	3.3333333
11206	2.9999998
11209	3.7373326
11212	4.1666665
11215	3.3125
11218	3.650751
11221	3.8325443
11224	3.3333333
11227	3.6621659
1123	3.8209121
11230	3.5
11233	2.6666667
11236	4.0742965
11239	4.1904764
11242	3.7869036
11245	3.1565475
11248	3.4077382
11251	2.6452382
11254	2.8067796
11257	3.0238097
1126	3.8822038
11260	3.5
11263	3.0437484
11266	2.861591
11269	2.0
11272	4.3333335
11275	3.25
11278	2.3333333
11281	3.5416667
11284	2.5
11287	3.5465772
1129	3.7042303
11290	2.75
11293	2.875
11296	2.2
11299	4.0
11302	3.5104165
11305	4.1666665
11308	3.5833333
11311	3.7333336
11314	3.526688
11317	3.0274403
1132	3.3246753
11320	3.3548927
11323	3.3497078
11326	3.8287926
11329	2.2916667
11332	3.75
11335	3.7708333
11338	2.7395833
11341	2.0
11347	3.0605721
1135	4.642857
11350	2.925
11353	3.3
11356	3.0625641
11359	4.0
11362	3.404762
11365	3.25
11368	3.6666667
11371	2.3333333
11374	3.0
11377	2.4333334
1138	2.893188
11380	3.0
11383	3.9587874
11386	2.0
11389	3.3095238
11392	3.25
11395	2.0
11398	3.8124378
11401	3.3686893
11404	3.1627977
11407	2.8
1141	2.6
11410	3.0
11413	2.7500002
11416	3.4520833
11419	1.8888888
11422	2.8952382
11425	3.23125
11428	2.642857
11431	3.2333336
11434	2.25
11437	2.75
1144	3.9645967
11440	2.8589284
11443	4.062561
11446	3.737737
11449	2.625
11452	3.357143
11455	4.083333
11458	3.5
11461	3.7571428
11464	2.7764099
11467	3.5732963
1147	2.5
11470	4.09375
11473	3.1333332
11476	3.4761903
11479	3.3914075
11482	2.5714285
11485	3.2854543
11488	2.5555556
11491	3.4
11494	1.6666666
11497	2.6666667
115	3.8229165
1150	3.3333335
11500	3.0
11503	3.9116206
11506	3.0
11509	3.25
11512	3.293082
11515	3.0555553
11518	2.881791
11521	4.4702077
11524	2.7083333
11527	3.5
1153	2.5
11530	2.6666667
11533	3.9676032
11536	2.0
11539	1.0
11542	3.58125
11545	3.0
11548	4.047619
11551	3.7333083
11554	3.6
11557	2.8333333
1156	1.9333332
11560	2.7142856
11563	3.638889
11566	3.4285715
11569	3.6666667
11572	2.9375
11575	4.03125
11578	4.2098217
11581	3.2
11584	2.5921042
11587	2.962351
1159	3.0
11590	3.801491
11593	3.3005953
11596	3.5555556
11599	3.3333333
11602	3.0
11605	3.0
11608	3.501095
11611	3.0
11614	3.3141239
11617	2.6
1162	4.3
11620	3.3234694
11623	4.0333333
11626	2.9
11629	3.0
11632	4.0
11635	3.404762
11638	3.6928189
11641	4.401515
11644	3.4853232
11647	3.412725
1165	3.0124998
11650	3.9864583
11653	5.0
11656	3.0
11659	5.0
11662	4.54523
11665	3.5238097
11668	3.6
11671	4.342262
11674	3.6504788
11677	3.3790383
1168	2.875
11680	2.625
11683	3.1258736
11686	1.0
11689	3.1666667
11692	2.5
11695	2.25
11698	4.0
11701	3.7312043
11704	2.0
11707	2.5476189
1171	3.5
11710	3.65625
11713	3.6190476
11716	3.8416529
11719	3.7619045
11722	3.5735111
11725	2.1
11728	3.5833335
11731	3.0
11734	3.5833333
11737	4.0
1174	3.9425693
11740	3.704958
11743	3.0
11746	1.9489795
11749	2.1119046
11752	3.699168
11755	2.9116478
11758	3.9666667
11761	2.8333333
11764	2.8
11767	2.6666667
1177	1.0
11770	3.9333332
11773	3.75
11776	4.0
11779	3.7989266
11782	3.5
11785	3.972222
11788	2.0
11791	3.3333333
11794	3.047619
11797	3.4285715
118	3.424673
1180	3.9697285
11800	3.375
11803	3.75
11806	2.8
11809	1.0
11812	4.1615515
11815	4.0579276
11818	3.5784092
11821	1.5
11824	3.8055556
11827	2.1
1183	1.5
11830	2.3333333
11833	2.8541667
11836	3.9479167
11839	3.7614584
11842	2.75
11845	3.7020833
11848	3.2026563
11851	3.5184283
11854	3.5180058
11857	4.00625
1186	2.9416666
11860	3.543105
11863	3.819078
11866	2.125
11869	1.8333334
11872	4.125
11875	3.556143
11878	2.5
11881	3.5437412
11884	3.5017855
11887	3.270374
1189	3.6666667
11890	3.6093254
11893	2.8333335
11896	2.25
11899	3.6937501
11902	3.190476
11905	3.25
11908	3.0007129
11911	3.6032631
11914	4.1419406
11917	4.217687
1192	2.5833335
11920	3.0714285
11923	3.5
11926	3.7735953
11929	2.6987724
11932	2.5
11935	3.6898804
11938	2.9368415
11941	3.4702606
11944	3.0
11947	3.357143
1195	4.135119
11950	2.0
11953	2.5
11956	5.0
11959	2.85
11962	2.0
11965	3.7206712
11968	3.3333333
11971	3.0
11974	2.4444444
11977	3.804267
1198	3.0
11980	3.6585238
11983	3.375
11986	2.222222
11989	4.0
11992	2.8541667
11995	3.274107
11998	3.4583333
12001	3.5
12004	1.3333334
12007	2.25
1201	3.2649307
12010	3.70625
12013	2.1666667
12016	3.8373017
12019	4.20625
12022	3.4916668
12025	3.75
12028	3.6653132
12031	3.298298
12034	4.0743585
12037	3.4
1204	3.5
12040	2.4
12043	3.8333335
12046	5.0
12049	3.9722223
12052	3.983792
12055	1.7857144
12058	3.0
12061	3.9919875
12064	3.1666667
12067	3.3761272
1207	3.25
12070	2.2
12073	2.897959
12076	2.8333335
12079	3.2687073
12082	3.9642856
12085	3.7357953
12088	3.0118055
12091	3.7181547
12094	3.0
12097	2.8229165
121	3.6666667
1210	3.2007124
12100	4.1132965
12103	3.9404762
12106	3.5
12109	3.9285715
12112	3.5285716
12115	2.8548417
12118	2.9583333
12121	2.9166665
12124	3.2811098
12127	2.2431972
1213	4.25
12130	3.5674305
12133	2.5
12136	3.011905
12139	4.0510726
12145	3.6913261
12148	3.6666667
12151	2.5
12154	3.3854165
12157	3.1111114
1216	3.6293623
12160	3.29912
12163	2.9583333
12166	3.5
12169	3.0472455
12172	3.5440702
12175	1.6666666
12178	3.5833335
12181	3.3237374
12184	4.3156357
12187	2.9523811
1219	2.5
12190	3.3809524
12193	4.125
12196	3.3645835
12199	3.0
12202	3.5714285
12205	2.4880955
12208	3.5
12211	3.8052082
12214	3.125
12217	2.0
1222	4.0086803
12220	2.6113095
12223	1.8125
12226	4.014732
12229	2.0
12232	3.3581777
12235	3.34375
12238	3.1262922
12241	3.5
12244	3.0647244
12247	2.2380953
1225	3.5357144
12250	4.138889
12253	2.3333333
12256	3.0
12259	2.8
12262	4.0849524
12265	4.0714283
12268	3.25
12271	2.6666667
12274	3.4065971
12277	3.4385571
1228	3.8333333
12280	3.7930229
12283	3.1625001
12286	2.25
12289	2.3333333
12292	3.8221679
12295	3.0833333
12298	3.8205817
12301	3.3475926
12304	3.3664865
12307	3.6496303
1231	3.9854167
12310	3.6374998
12313	3.6886907
12316	4.0735674
12319	2.5
12322	3.275737
12325	3.5
12328	2.0
12331	2.8785713
12334	3.4497595
12337	3.5328517
1234	3.4831383
12340	3.3333333
12343	3.5774062
12346	3.5
12349	2.3564568
12352	3.1000001
12355	2.9793653
12358	3.6666667
12361	3.5104165
12364	3.34375
12367	3.4678571
1237	2.45
12370	3.375
12373	3.0
12376	3.575864
12379	4.0
12382	2.5833333
12385	3.8666668
12388	2.611111
12391	3.3958335
12394	2.625
12397	4.369951
124	2.5
1240	2.90625
12400	4.0416627
12403	3.0
12406	2.125
12409	3.0220644
12412	3.3273563
12415	2.8055556
12421	3.4523811
12424	2.3333333
12427	3.299107
1243	4.1630955
12430	3.4557042
12433	3.7880952
12436	4.0
12439	3.0
12442	3.5920467
12445	2.5555556
12448	2.875
12451	3.0
12457	1.0
1246	2.8333333
12460	3.0
12463	2.6666667
12466	3.2815049
12469	3.697279
12472	2.2738094
12475	1.5
12478	4.014792
12481	2.7395833
12484	3.0
12487	3.2467964
1249	3.5537205
12490	3.3592014
12493	3.693005
12496	2.6666667
12499	2.9374998
12502	3.6666667
12505	3.9083333
12508	3.753832
12511	2.5555556
12514	3.1309526
12517	1.9069785
1252	2.8003738
12520	3.0
12523	3.0382848
12526	3.264798
12529	3.49375
12532	3.5
12535	3.8333333
12538	3.2833416
12541	2.5208333
12544	4.0833335
12547	3.46875
1255	3.9203358
12550	3.4375
12553	2.6666667
12556	3.753545
12559	1.0
12562	3.2447014
12565	2.5833333
12568	2.125
12571	2.0
12574	1.4
12577	3.0666666
1258	3.875
12580	3.509964
12583	2.8333335
12586	3.9194942
12589	4.0
12592	3.452381
12595	2.0
12598	3.627083
12601	4.2574406
12604	2.75
12607	3.6666667
1261	4.25
12610	1.25
12613	4.3333335
12616	1.75
12619	4.072917
12622	3.7395833
12625	2.1666667
12628	3.25
12631	3.0
12634	3.9166667
12637	3.266667
1264	3.5833087
12640	3.0505953
12643	4.0
12646	3.0
12649	2.2
12652	3.8463652
12655	1.0
12658	4.245982
12661	3.4048712
12664	3.8333333
12667	3.5873594
1267	3.1655111
12670	3.9883187
12673	3.125992
12676	4.0297976
12679	2.584467
12682	3.1448865
12685	3.0
12688	3.124053
12691	4.0
12694	3.45265
12697	3.3125
127	2.5625534
1270	3.2142856
12700	3.8333333
12703	3.4022322
12706	3.0
12709	3.7777777
12712	4.0
12715	3.75
12718	3.9961152
12721	4.15627
12724	3.4
12727	3.6013262
1273	3.0
12730	2.5916667
12733	2.1875
12736	3.1483133
12739	3.0071054
12742	3.513988
12745	3.5131922
12748	3.5869467
12751	2.3583333
12754	3.5
12757	3.75
1276	3.3875
12760	2.940476
12763	3.5873067
12766	3.471417
12769	3.1924107
12772	3.0
12775	4.0
12778	3.6654906
12781	2.8031144
12784	3.7777827
12787	2.9
1279	4.071429
12790	2.9
12793	4.1875
12796	3.0
12799	3.468637
12802	2.4333334
12805	3.6000001
12808	3.6666667
12811	4.280022
12814	1.8333334
12817	2.8
1282	2.9700472
12820	2.5625
12826	3.225
12832	4.5833335
12835	2.25
12838	3.9279678
12841	2.9444447
12844	3.1738093
12847	2.6666667
1285	2.6666667
12850	2.5
12853	4.25
12856	2.5
12859	4.0
12862	3.2481012
12865	2.75
12868	3.7916667
12871	3.4774802
12874	3.90625
12877	2.4375
1288	3.5
12880	3.0
12883	2.25
12886	3.9252305
12889	3.4
12892	3.4429011
12895	3.2229166
12898	3.2125
12901	2.7916667
12904	3.8950453
12907	3.7916667
1291	4.230429
12910	2.392857
12913	3.443988
12916	4.0
12919	3.9518752
12922	2.65625
12925	3.8004827
12928	3.8666663
12931	3.4667423
12934	3.2883523
12937	4.3663826
12940	3.1684985
12943	4.207143
12946	4.045238
12949	3.1
12952	3.0
12955	4.0
12958	3.6766438
12961	3.0
12964	3.0
12967	3.5
1297	3.500219
12970	3.212987
12973	3.5
12976	3.8437889
12979	3.0
12982	2.5
12985	3.5
12988	3.1734736
12991	3.1036887
12994	2.4583333
12997	2.859837
13	5.0
130	2.25
1300	4.0096354
13000	4.0
13003	3.1666667
13006	3.8166668
13009	3.75
13012	2.0
13015	3.9116669
13018	2.3333333
13021	3.5
13024	3.5
13027	4.5
1303	3.6388886
13030	4.0
13033	3.3333333
13036	3.0
13039	3.6784034
13042	4.035173
13045	2.0
13048	3.7034724
13051	4.26445
13054	2.8333333
13057	3.25
1306	3.9583333
13060	2.75
13063	3.0166664
13066	1.75
13069	2.4166667
13072	3.3797388
13075	2.375
13078	3.9708333
13081	3.6191967
13084	4.1853743
13087	3.3307106
1309	3.5
13090	3.5182812
13093	3.75
13096	3.1666667
13099	3.3
13102	3.2226949
13105	4.285714
13108	4.170833
13111	2.375
13114	3.266667
13117	3.0
1312	2.4285715
13120	2.5
13123	4.317167
13126	2.75
13129	4.152972
13132	4.0
13135	3.270689
13138	3.5
13141	3.35625
13144	3.6338525
13147	3.4
1315	3.2
13150	3.5
13153	2.0
13156	3.0
13159	2.25
13162	4.8333335
13165	2.5
13168	1.75
13171	3.4732144
13174	3.0
13177	4.041157
1318	2.7589285
13180	3.0
13183	2.1666665
13186	3.6356153
13189	3.4833333
13192	3.222078
13195	3.7474482
13198	4.531746
13201	2.7380955
13204	3.9642856
13207	3.974924
1321	4.2
13210	3.1666667
13213	1.0
13216	3.3119302
13219	3.7189014
13222	2.6666667
13225	2.111111
13228	3.2291665
13231	2.5
13234	3.0102558
13237	1.5
1324	4.0556746
13240	3.3017857
13243	2.6666667
13246	2.75
13249	4.333333
13252	2.75
13255	4.028555
13258	3.3236113
13261	3.038656
13264	3.5833333
13267	3.0
1327	2.8333333
13270	3.7936072
13273	3.6977553
13276	3.3205452
13279	3.19343
13282	3.2613096
13285	3.0
13288	2.892758
13291	2.9714284
13294	5.0
13297	3.0
133	3.4491887
13300	3.2440476
13303	3.5714285
13306	3.0
13309	3.625
13312	2.8333333
13315	3.2333333
13318	3.1855779
13321	3.6666667
13324	3.6944444
13327	2.905711
1333	3.3333333
13330	2.5
13333	2.6666667
13336	3.0380952
13339	3.125
13342	3.199273
13345	2.875
13348	2.3333333
13351	3.5071428
13354	1.0
13357	4.3809524
1336	3.030044
13360	2.0
13363	3.0
13366	3.8047616
13369	3.5
13372	2.4761903
13375	3.7476192
13378	3.8382912
13381	2.9468749
13384	3.7034924
13387	4.214286
1339	3.25
13390	3.3809524
13393	3.1163194
13396	2.5
13399	5.0
13402	3.9096766
13405	4.0
13408	2.1904762
13411	3.125
13414	5.0
13417	2.7412338
1342	1.5
13420	3.0691004
13423	3.5363243
13426	2.888889
13429	2.3
13432	2.9166667
13435	3.111607
13438	2.5
13441	3.782306
13444	2.70625
13447	3.625
1345	3.625
13450	3.2875001
13453	3.7289553
13456	3.25
13459	3.3512754
13462	3.3503113
13465	4.0666666
13468	4.281002
13471	3.3955882
13474	3.3452382
13477	3.4935944
1348	2.6666667
13480	3.3333333
13483	3.6748738
13486	3.3993442
13489	3.149231
13492	3.0
13495	3.4184525
13498	3.5
13501	3.4129748
13504	4.4454365
13507	2.5
1351	3.75
13510	3.4
13513	3.173864
13516	3.1979165
13519	2.7205439
13522	3.671875
13525	3.5
13528	3.8333333
13531	1.5
13534	3.6851542
13537	2.0
1354	2.625
13540	3.142857
13543	3.5
13546	3.871645
13549	3.0
13552	2.6666667
13555	2.824349
13558	3.3333335
13561	3.8621545
13564	3.1510415
13567	4.217661
1357	4.5542808
13570	2.7
13573	3.5583334
13576	3.125
13579	3.3350697
13582	3.5494332
13585	3.4666667
13588	4.229167
13591	2.8257442
13594	3.6124697
13597	2.0
136	3.0
1360	2.1291666
13600	4.1190476
13603	2.5
13606	3.6
13609	3.5833333
13612	3.3610117
13615	2.5
13618	5.0
13621	3.4
13624	2.7066665
13627	3.672619
1363	2.5091913
13630	4.25
13633	3.3020833
13636	3.9021757
13639	2.0833333
13642	1.0
13645	3.2107143
13648	3.6764238
13651	3.7057853
13654	2.6190474
13657	3.0833333
1366	2.6666667
13660	3.6235118
13663	4.2700143
13666	3.4
13669	4.1666083
13672	3.85
13675	3.370922
13678	2.8333333
13681	1.75
13684	3.0
13687	4.3333335
1369	2.2333333
13690	3.2
13693	2.5
13696	3.075
13699	2.6
13702	3.9354405
13705	3.5927055
13708	3.6944447
13711	3.4444447
13714	2.4937499
13717	1.8
1372	3.039394
13720	2.44
13723	2.8916667
13726	3.5979452
13729	3.3169641
13732	2.7
13735	3.3333333
13738	3.6147542
13741	3.8333333
13744	3.7142856
13747	2.0333333
1375	3.4298613
13750	3.4583333
13753	2.25
13756	2.5
13762	5.0
13765	3.8729167
13768	3.25
13771	3.36449
13774	2.9489343
13777	2.0
13780	4.0555553
13783	3.5
13786	4.0
13792	2.25
13795	3.5261798
13798	4.022824
13801	3.2604167
13804	3.5714285
13807	1.8
1381	2.8541667
13810	3.6214268
13813	3.642661
13816	3.75
13819	3.9261613
13822	3.3541667
13825	3.5846932
13828	2.6666667
13831	3.4166667
13834	3.0
13837	3.25
1384	3.51726
13840	3.6217537
13843	3.3
13846	2.8809526
13849	1.6666666
13852	3.4058666
13855	3.4892855
13858	3.575
13861	2.642857
13864	3.4
13867	1.5
1387	2.452381
13870	1.5
13873	3.1875
13876	2.4319727
13879	1.6666666
13882	3.673539
13885	2.8333333
13888	3.1333334
13891	2.2
13894	3.3729167
13897	3.7208335
139	2.5
1390	5.0
13900	3.9357142
13903	3.4761906
13906	2.3333333
13909	3.4791667
13912	3.25
13915	3.0
13918	3.5
13921	2.534375
13924	3.6388886
13927	3.9313962
1393	2.875
13930	3.5754342
13933	3.0625
13936	3.0555556
13939	3.5
13942	3.375
13945	2.75
13948	3.9578283
13951	4.1220236
13954	1.0
13957	4.072222
1396	4.5
13960	4.118655
13963	2.8485606
13966	3.125
13969	4.0
13972	2.8333333
13975	2.95
13978	3.4123447
13981	3.490024
13984	1.888889
13987	3.0
1399	3.3163056
13990	3.4870427
13993	4.0539417
13996	3.344593
13999	4.5
14002	3.0309975
14005	3.447806
14008	4.5
14011	2.8333335
14014	3.7291667
14017	3.9794645
1402	3.6291668
14020	3.8416665
14023	3.8534226
14026	3.0
14029	3.6964285
14032	1.5
14035	1.75
14038	1.95
14041	2.4
14044	3.5710418
14047	3.531656
1405	3.6785715
14050	4.066857
14053	2.8452382
14056	3.9881563
14059	2.4
14062	2.5833333
14065	3.2647774
14068	3.5
14071	4.0
14074	2.8205304
14077	2.0
1408	3.4393923
14080	2.7911475
14083	3.5
14086	3.723515
14089	2.8333333
14092	2.8020835
14095	3.7380955
14098	2.5
14101	3.03125
14104	3.2
14107	2.5
14110	3.0
14113	3.6344154
14116	4.125
14119	4.0270834
14122	3.59375
14125	4.0
14128	2.8333333
14131	3.0909317
14134	3.8060617
14137	3.0051048
1414	1.6666666
14140	2.5
14143	3.5833333
14146	3.4945803
14149	3.7721334
14152	2.267857
14155	3.9336412
14158	3.6554358
14161	3.8535714
14164	3.0602813
14167	2.7916439
1417	1.5
14170	3.9333336
14173	3.749405
14176	3.46891
14179	4.666667
14182	3.2761903
14185	4.176168
14188	3.2213142
14191	3.9843752
14194	2.9616938
14197	3.25
142	2.3333333
1420	2.875
14200	3.6583333
14203	3.0978532
14206	4.1845236
14209	3.583363
14212	3.571047
14215	2.8687868
14218	3.9114807
14221	2.7333333
14224	2.8666666
14227	2.7291665
1423	1.6785715
14230	2.7916667
14233	3.5386484
14236	4.5
14239	2.625
14242	3.3010151
14245	3.801786
14248	3.7402642
14251	2.3333333
14254	3.8096695
14257	3.5
1426	3.0916667
14260	2.75
14263	4.041667
14266	2.875
14269	2.3904762
14272	3.6473212
14275	3.3
14278	3.7967014
14281	3.6458333
14284	2.6878562
14287	3.0
1429	3.0
14290	3.2222223
14293	3.3674645
14296	3.7852187
14299	4.25
14302	4.4837937
14305	2.25
14308	2.25
14311	2.988244
14314	3.75
14317	2.870554
1432	3.38897
14320	4.083448
14323	3.6944444
14326	2.2366297
14329	1.5
14332	2.0
14335	3.6543221
14338	2.8333333
14341	2.6666667
14344	2.4666667
14347	2.6
1435	4.134003
14350	2.3333333
14353	3.0
14356	3.021185
14359	3.2578878
14362	2.25
14365	3.0852003
14368	3.0
14371	2.0
14374	2.5555556
14377	2.979191
1438	3.40625
14380	2.0
14383	4.1042657
14386	5.0
14389	2.6516507
14392	2.875
14395	3.8645833
14398	3.5
14401	3.7
14404	3.277778
14407	3.6945887
1441	4.4496493
14410	3.8951135
14413	2.946081
14419	2.845238
14422	2.3333333
14425	3.9184635
14428	4.238839
14431	3.9628122
14434	3.776342
14437	4.3333335
1444	3.722222
14440	2.0
14443	3.3541667
14446	3.4
14452	2.751488
14455	4.0
14458	2.4056554
14461	3.78125
14464	4.1232147
14467	2.4081101
1447	2.8945577
14470	2.138889
14473	4.06157
14476	3.313808
14479	3.5625002
14482	3.7791636
14485	4.25
14488	3.5
14491	3.6732907
14494	3.1666667
14497	3.6805556
145	2.9285715
1450	3.5014205
14500	3.25
14503	2.8333333
14506	3.3690476
14509	3.6666667
14512	3.1305556
14515	4.25
14518	3.5
14521	3.9833333
14524	3.4
14527	3.4667585
1453	3.9761906
14530	3.0
14533	4.235847
14536	4.0
14539	3.076407
14542	3.607143
14545	3.5259156
14548	3.0
14551	2.4458332
14554	4.03926
14557	4.4
1456	2.8666668
14560	3.9
14563	3.5833333
14566	3.8857143
14569	3.75
14572	3.75
14575	2.5
14578	3.7191966
14581	2.375
14584	3.847756
14587	3.1721153
1459	2.5833333
14590	3.6905313
14593	3.5037043
14596	3.1666665
14599	3.8380952
14602	3.768453
14605	2.8333333
14608	4.0
14611	3.25
14614	4.3333335
14617	3.0
1462	3.0714285
14620	3.0
14623	3.3333333
14626	2.8
14629	2.9940474
14632	4.1369047
14635	4.0
14638	4.2
14641	4.25
14644	2.8197238
14647	1.3333334
1465	4.25
14650	3.8166666
14653	2.893775
14656	4.319345
14659	3.6552083
14662	2.625
14665	3.0
14668	3.0714285
14671	3.8960774
14674	2.4
14677	3.3333333
1468	3.875
14680	3.0
14683	3.7395833
14686	2.9523811
14689	3.7083333
14692	2.125
14695	3.4166667
14698	3.3970003
14701	3.8333333
14704	3.4022727
14707	4.1666665
1471	3.6623015
14710	5.0
14713	3.0714285
14716	3.687434
14719	3.6959133
14722	3.1666667
14725	3.4845126
14728	5.0
14731	3.4649267
14734	3.469057
14737	3.1421463
1474	2.1666665
14740	1.0
14743	3.0
14746	3.75
14749	3.7666664
14752	3.3666668
14755	2.649297
14758	3.888889
14761	3.65625
14764	3.736855
14767	3.0
1477	3.388889
14770	3.2343254
14773	3.9285715
14776	3.918612
14779	3.8517308
14782	3.2375
14785	2.4
14788	3.125
14791	5.0
14794	2.125
14797	3.25
148	3.310141
1480	3.6666667
14800	4.4444447
14803	3.5
14806	4.226503
14809	3.0952382
14812	3.6919641
14815	3.9602463
14818	4.5
14821	3.3625
14824	3.9375
14827	3.5735784
1483	5.0
14830	3.047619
14833	2.9333334
14839	2.3
14842	3.434065
14845	4.4523807
14848	2.7147815
14851	1.0
14854	2.75
14857	2.1333332
1486	2.3333333
14860	3.488095
14863	2.8333333
14866	3.3333333
14869	3.9550624
14875	4.3750005
14878	2.7
14881	4.104167
14884	3.4166667
14887	2.5
1489	2.8809524
14890	3.2540298
14896	3.4
14899	4.4
14902	4.0
14905	3.7749999
14908	4.25
14911	4.253943
14914	3.1666667
14917	4.0
1492	2.0119047
14920	3.8666668
14923	3.25
14926	3.9642856
14929	2.0
14935	3.2692828
14938	3.5291665
14941	3.9444444
14944	3.375
14947	3.4583333
1495	4.3388047
14950	3.0
14953	3.787102
14956	2.9166667
14959	3.4278388
14962	2.7
14965	3.6
14968	3.7652183
14971	3.4347718
14974	4.5833335
14977	3.1614087
1498	3.375
14980	3.6666667
14983	3.788504
14986	1.5
14989	3.4642856
14992	3.6111114
14995	3.0
14998	3.2208333
15001	4.2190475
15004	2.8095238
15007	3.2279348
1501	3.5333335
15010	3.4625916
15013	3.850347
15016	3.953497
15019	3.6333332
15022	3.8333333
15025	2.75
15028	3.2666664
15031	4.295939
15034	3.1453738
15037	4.010291
1504	2.6666667
15040	3.7458332
15043	3.309104
15046	2.6959186
15049	3.9166667
15052	1.8611112
15055	3.8586864
15058	3.6461227
15061	3.0
15064	3.8101518
15067	2.7142856
1507	3.4470236
15070	4.1529613
15073	3.922822
15076	3.3020833
15079	3.5000002
15082	4.375
15085	4.8333335
15088	1.25
15091	3.1776786
15094	2.6499999
15097	2.125
151	3.125
1510	3.777778
15100	4.0
15103	3.75
15106	3.1333334
15109	3.7383432
15112	3.3588436
15115	3.35
15118	2.6666665
15121	3.0
15124	3.7336817
15127	4.25
1513	4.370238
15130	2.9833333
15133	3.4532738
15136	3.7083333
15139	3.5
15142	3.25
15145	2.9
15148	3.6666667
15151	3.5611181
15154	3.2671838
15157	3.0
1516	2.5
15160	3.404875
15163	3.6924462
15166	1.9285715
15169	3.1666667
15172	1.0
15175	2.75
15178	2.3333333
15181	3.3234053
15184	4.25
15187	3.25
1519	2.0
15190	3.0
15193	3.990625
15196	2.0
15199	2.3333333
15202	3.0
15205	3.4219348
15208	4.0
15211	3.6043243
15214	3.5833333
15217	5.0
1522	2.5
15220	3.6145835
15223	2.943029
15226	1.6708332
15229	4.0079365
15232	4.5
15235	3.5952382
15238	3.0666666
15241	2.857143
15244	2.7667742
15247	2.7847223
1525	2.3531928
15250	3.75
15253	3.6333332
15256	3.2974837
15259	3.30625
15262	1.8611112
15265	3.6
15268	2.8333333
15271	3.25
15274	2.3333333
15277	3.0357144
1528	3.9167702
15280	3.0
15283	3.3571427
15286	3.164881
15289	2.8600693
15295	2.2437499
15298	3.5282738
15301	2.5
15304	3.7200396
15307	4.2197227
1531	3.2333333
15310	3.4114585
15313	3.0520833
15316	3.7999008
15319	2.8
15322	3.8217337
15325	3.0238094
15328	3.5
15331	3.25
15334	3.1456845
15337	2.7142856
1534	4.0
15340	2.277778
15343	3.0625
15346	2.6666667
15349	1.5
15352	3.3190477
15355	2.75
15358	2.9166667
15361	3.5175395
15364	2.9455783
15367	3.8826299
1537	3.0
15370	2.5
15373	3.237403
15376	2.25
15379	2.5
15382	3.6281526
15385	3.691035
15388	2.8125
15394	3.6885571
15397	2.9166667
154	3.0
1540	2.2
15400	4.227083
15403	3.357143
15406	4.5
15409	3.4691885
15412	2.5
15415	2.8089285
15418	3.7857144
15421	4.0281157
15424	3.406165
15427	3.0
1543	3.3510928
15430	3.21875
15436	3.7111669
15439	3.0
15442	4.0555553
15445	3.4804227
15451	3.1470237
15454	1.9597223
15457	3.8421264
1546	3.0694447
15460	3.7985413
15463	3.8750002
15466	2.7745037
15469	4.052083
15472	3.7230825
15475	3.871875
15478	3.3333333
15481	3.1789858
15484	3.6309752
15487	3.0
1549	2.7142856
15490	4.3333335
15493	2.9397898
15496	3.69461
15499	4.1795917
15502	2.46875
15505	2.9166667
15508	3.375
15511	3.3764648
15514	3.277778
15517	2.7916667
1552	3.7601686
15520	1.0
15523	4.133333
15526	3.8809526
15529	3.392785
15532	3.4418156
15535	3.6666667
15538	4.693452
15541	2.0
15544	3.3095238
15547	2.6577382
1555	3.3333333
15550	3.15625
15553	4.1666665
15556	3.8
15559	1.25
15562	2.8395832
15565	4.1880956
15568	4.021032
15571	3.0
15574	4.3333335
15577	3.4
1558	3.074916
15580	3.1666667
15583	3.6666667
15586	3.125
15589	2.3333333
15592	3.5010552
15595	2.8055553
15598	2.5625
15601	3.275
15604	4.0
15607	3.3333333
1561	3.4786983
15610	2.3
15613	3.4166667
15616	3.2243025
15619	3.127076
15622	2.3333333
15625	2.0
15628	3.2849853
15631	3.511951
15634	4.157447
15637	1.5
1564	3.3809526
15640	3.3895833
15643	3.5436518
15646	3.321155
15649	2.7
15655	3.5
15658	3.0
15661	3.4444444
15664	3.3
15667	3.53125
1567	3.0
15670	2.3333333
15673	3.0833333
15676	3.6944447
15679	4.5833335
15682	3.0
15685	3.3697917
15688	1.4444445
15691	3.0416667
15694	3.75
15697	2.5
157	3.1547618
1570	1.5
15700	3.8272114
15703	3.0833335
15706	2.2166665
15709	3.3333333
15712	3.2223506
15715	3.5181768
15718	2.9999998
15721	2.5
15724	3.6982143
15727	4.3119087
1573	2.34375
15730	3.2611208
15733	3.5999374
15736	3.294139
15739	3.8080935
15742	3.0
15745	2.7666667
15748	3.1342452
15751	3.9166667
15754	2.09375
15757	3.1354165
1576	3.3
15760	1.5
15763	3.0
15766	3.5416665
15769	3.9322839
15772	3.8481154
15775	2.0
15778	3.15
15781	3.4375
15784	4.05903
15787	3.3435826
1579	3.2083333
15790	3.5104167
15793	2.25
15796	4.1
15799	3.1916666
15802	4.143588
15805	3.4092262
15808	3.4900544
15811	3.1666667
15814	3.9579844
15817	3.838393
1582	3.5536857
15820	3.2411706
15823	2.6666667
15826	3.4333332
15829	3.0297067
15832	2.8208334
15835	3.5
15838	2.2222223
15841	3.588425
15844	4.091227
15847	2.9166667
1585	3.3830314
15850	3.2083333
15853	3.406575
15856	3.380405
15859	1.8095237
15862	3.3016853
15865	3.8333335
15868	3.4238591
15871	3.840217
15874	3.5041666
15877	2.4166667
1588	2.8333333
15880	3.6190474
15883	3.4047618
15886	3.1775298
15889	2.5416667
15892	4.101488
15895	1.6
15898	3.7056344
15901	2.9806988
15904	4.0
15907	1.5
1591	2.5
15910	5.0
15913	2.80533
15916	2.1
15919	3.3893096
15922	3.935989
15925	3.0
15928	3.4
15931	2.8434527
15934	4.1864586
15937	2.0
1594	2.9103901
15940	3.4438133
15943	3.6785715
15946	3.0
15949	3.5138965
15952	3.4065533
15955	3.4466753
15958	2.507639
15961	3.0
15964	2.5
15967	3.7095642
1597	4.4
15970	3.4055555
15973	3.125
15976	3.6270833
15979	3.7093985
15982	4.1041665
15985	3.7971253
15988	3.2104166
15991	3.5508265
15994	3.3846939
15997	3.987555
16	3.0410714
160	2.78125
1600	2.7666473
16000	4.0833335
16003	3.6666667
16006	4.4281855
16009	2.5
16012	2.2
16015	2.875
16018	3.0
16021	3.1666667
16024	2.5
16027	2.5
1603	2.5
16030	3.3074694
16033	3.503557
16036	3.2721088
16039	3.5520833
16042	2.2
16045	4.178571
16048	2.25
16051	4.166667
16054	3.5
16057	4.3333335
1606	2.8125
16060	3.53125
16063	3.9264
16066	3.1944447
16069	2.7
16072	4.6666665
16075	3.7948716
16078	4.0119047
16081	2.5
16084	3.0
16087	4.39375
1609	2.75
16090	2.3923159
16093	4.0
16096	3.8395836
16099	1.3333334
16102	2.8
16105	1.3333334
16108	2.139881
16111	3.6666667
16114	4.190476
16117	2.4166665
1612	3.2
16120	2.5
16123	3.0833333
16126	2.6666667
16129	2.9166667
16132	3.0
16135	3.03125
16138	3.0
16141	3.5
16144	3.6770833
16147	4.43314
1615	3.7953973
16150	3.765978
16153	3.7169547
16156	2.8
16159	2.0
16162	3.7026784
16165	4.366667
16168	2.6
16171	3.3835678
16174	3.4950397
16177	3.21875
1618	4.0699377
16180	3.0
16183	3.8072922
16186	3.7809522
16189	3.0
16192	3.123264
16195	3.25
16198	2.3333335
16201	3.840496
16204	3.24375
16207	3.9166667
1621	2.25
16210	2.7142856
16213	3.5
16216	3.861111
16219	3.25
16222	3.5414014
16225	1.9166666
16228	4.0
16231	3.875
16234	3.6180556
16237	4.2725954
1624	3.0
16240	2.9375
16243	2.3
16246	3.4285715
16249	4.0
16252	4.2083335
16255	2.4
16258	1.5
16261	3.35
16264	3.8756483
16267	3.0750892
1627	3.7439392
16270	2.2666667
16273	2.9766412
16276	3.5238097
16279	2.777999
16282	2.6
16285	4.1112647
16288	3.11689
16291	3.3529916
16294	4.239583
16297	3.1
163	2.625
1630	3.4666665
16300	2.85
16303	3.4374108
16306	3.8411982
16309	4.125
16312	3.0013394
16315	3.2113094
16318	3.897146
16321	3.75
16324	3.03125
16327	4.0
1633	3.2676203
16330	3.4
16333	2.5
16336	4.1833334
16339	3.3204417
16342	3.8333333
16345	2.8
16348	3.039732
16351	2.96875
16354	5.0
16357	3.4844387
1636	1.9166667
16360	4.25
16363	4.1972256
16366	3.330822
16369	2.75
16372	4.5
16375	3.7
16378	3.4285715
16381	2.5
16384	4.065889
16387	3.6670382
1639	3.625
16390	3.3634202
16393	3.1302085
16396	4.072917
16399	3.975351
16402	3.6666667
16405	1.5
16408	4.0
16411	3.3791666
16414	2.5833333
16417	2.8
1642	4.022869
16420	3.9285715
16423	3.2380955
16426	2.75
16429	2.5
16432	3.904762
16435	3.6416667
16438	3.7452383
16441	3.7071428
16444	3.1461308
16447	3.0
1645	3.2192109
16450	4.3
16453	3.6145833
16456	1.6666666
16459	3.1322386
16462	4.25
16465	3.5447252
16468	3.8263886
16471	3.1388886
16474	2.75
16477	3.222222
1648	3.3555553
16480	3.0
16483	3.5
16486	1.8611112
16489	2.75
16492	3.8791666
16495	3.8059657
16498	2.6666667
16501	3.75
16504	2.6904762
16507	3.375
1651	2.8333333
16510	3.0
16513	3.0
16516	3.165092
16519	3.4722223
16522	3.6307547
16525	3.5157022
16528	3.3333333
16531	2.640625
16534	3.4046547
16537	4.0694447
1654	2.8197277
16540	3.7
16543	4.303125
16546	3.75
16549	2.4285715
16552	3.637758
16555	4.3194447
16558	4.0492954
16561	3.5000002
16564	3.2153916
16567	3.9586308
1657	2.8
16570	3.5238097
16573	3.3
16576	3.0
16579	3.0166585
16582	3.777778
16585	3.125
16588	3.3464596
16591	3.0
16594	3.2
16597	1.7916667
166	3.4828465
1660	4.084641
16600	2.742857
16603	4.0416665
16606	3.3948276
16609	4.2380953
16612	2.25
16615	4.394841
16618	3.25
16621	3.3214285
16624	3.847222
16627	5.0
1663	3.0
16630	3.156653
16633	3.25
16636	3.3333333
16639	2.0
16642	2.8
16645	3.7291667
16648	2.0
16651	3.3333333
16654	3.5
16657	4.6
1666	2.8849506
16660	3.6900067
16663	3.21875
16666	3.4342263
16669	3.0748303
16672	3.8791666
16675	4.0
16678	2.75
16681	3.0
16684	2.9166667
16687	3.979891
1669	4.2666664
16690	2.4333334
16693	3.142857
16696	2.5
16699	2.9166667
16702	3.54553
16705	3.8227274
16708	2.75
16711	4.378252
16714	1.5
16717	3.2738094
1672	3.9333334
16720	2.8611114
16723	3.2
16726	2.8
16729	3.6904762
16732	4.24375
16735	3.4166667
16738	2.9479167
16741	3.0142858
16744	4.071429
16747	3.345238
1675	3.4
16750	2.5
16753	1.8333334
16756	2.9607422
16759	3.0520833
16762	1.75
16765	3.5791233
16768	3.2200084
16771	3.0857143
16777	3.642857
1678	3.34375
16780	2.8020833
16783	3.0660715
16786	2.6895833
16789	2.6333334
16792	3.6258028
16795	3.142857
16798	3.4285715
16801	4.2875
16804	1.3333334
16807	2.7380953
1681	3.0833333
16810	3.9060018
16813	2.75
16816	3.65
16819	2.9375
16822	3.5965726
16825	3.670254
16828	4.25
16831	2.8395834
16834	4.154808
16837	3.0
1684	2.2857144
16840	3.795468
16843	3.6875002
16846	4.041667
16849	3.4
16852	3.0
16855	3.2166667
16858	2.8837864
16861	3.7218614
16864	3.355896
16867	1.7857143
1687	3.8068452
16870	3.2604167
16873	1.875
16876	3.3055556
16879	3.7270184
16882	3.1147666
16885	3.406352
16888	3.0
16891	3.5991268
16894	3.3822918
16897	3.75
169	3.8
1690	3.2
16900	2.625
16903	3.5995095
16906	3.0
16909	5.0
16912	3.5381413
16915	3.8333333
16918	4.127043
16921	2.5
16924	4.5
16927	3.9143941
1693	3.0614846
16930	3.0296273
16933	2.8666666
16936	3.1541667
16939	3.6375802
16942	4.0955358
16945	1.8785714
16948	3.1832454
16951	3.440476
16954	4.3101377
16957	2.3333333
1696	1.8
16960	3.382653
16963	3.25
16966	3.0
16969	3.953027
16972	3.0
16975	3.1255953
16978	2.8264387
16981	2.5
16984	3.2454329
16987	3.6666667
1699	3.3479166
16990	3.125
16993	3.7089286
16996	2.0
16999	3.0
17002	3.656453
17005	3.177551
17008	3.4271362
17011	4.0
17014	2.9010372
17017	3.4166665
1702	3.027778
17020	3.2428572
17023	3.4000096
17026	2.8374987
17029	3.625
17032	3.0
17035	2.6236112
17038	2.0
17041	2.3333333
17044	2.9583333
17047	3.019517
1705	3.733333
17050	3.3837798
17053	3.074309
17056	2.8
17059	4.0410714
17062	2.8428528
17065	1.875
17068	3.375
17071	3.730772
17074	3.6666667
17077	3.75625
1708	3.8937404
17080	2.3333333
17083	3.54375
17086	3.5
17089	3.4583333
17092	3.4
17095	3.6666667
17098	4.285714
17101	2.3333333
17104	3.4536788
17107	3.777778
1711	3.0520835
17110	2.5
17113	3.3013432
17116	3.3333333
17119	3.3333333
17122	3.75
17125	3.038889
17128	2.875
17131	2.9737535
17134	3.2296128
17137	2.9166667
1714	2.5
17140	4.0833335
17143	1.5
17146	4.113711
17149	3.3542287
17152	3.279351
17155	2.78125
17158	3.196241
17161	3.7857144
17164	2.8416665
17167	2.8829932
1717	2.5
17170	3.96875
17173	3.9027777
17176	3.7108533
17179	3.3649237
17182	3.7916667
17185	3.1666667
17188	3.6644013
17191	3.261905
17194	3.8
17197	4.25
172	3.5
1720	3.8
17200	4.1666665
17203	2.6276784
17206	2.7333333
17209	2.5
17212	3.784697
17215	3.832995
17218	2.25
17221	2.5459645
17224	4.0
17227	2.8541667
1723	2.1190476
17230	4.133581
17233	3.3333333
17236	2.3
17239	3.6166668
17242	2.5
17245	3.9599092
17248	3.2026086
17251	3.1951408
17254	3.6666667
17257	4.1130953
1726	3.0
17260	3.78125
17263	3.483978
17266	3.58125
17269	2.125
17272	2.266667
17275	3.7850592
17278	2.5833333
17281	2.950118
17284	3.25
17287	3.2275589
1729	3.6666667
17290	3.5708332
17293	3.0039346
17296	2.6666667
17299	3.664245
17302	3.6147013
17305	3.1111112
17308	3.5090754
17311	3.9494047
17314	4.0100107
17317	3.7383928
1732	3.3
17320	2.6501985
17323	2.939367
17326	4.5
17329	3.313988
17332	3.0
17335	3.9737504
17338	3.25758
17341	3.6320813
17344	3.0
17347	3.75
1735	3.5154011
17350	2.2222223
17353	4.0
17356	3.0
17359	3.1927085
17362	3.2
17365	2.3333333
17368	2.5
17371	3.6666667
17374	3.0833333
17377	3.0
1738	2.766667
17380	3.8095238
17383	3.6666667
17386	3.6523812
17389	3.679018
17392	2.2
17395	3.4409225
17398	2.9788988
17401	3.3385415
17404	2.7833333
17407	3.2113094
1741	3.9277134
17410	3.3281252
17413	3.125
17416	2.3333333
17419	4.0
17422	3.6666667
17425	2.4769344
17428	3.0284972
17431	3.8854392
17434	3.2781136
17437	4.0003247
1744	3.8596113
17440	3.25
17443	3.6437075
17446	4.145833
17449	3.7963803
17452	3.1394384
17455	3.945238
17458	3.55
17461	3.3333333
17464	3.2784226
17467	3.8004758
1747	3.0
17470	3.6666667
17473	3.375
17476	3.8166666
17479	3.53033
17482	3.6168165
17485	3.6041667
17488	2.8
17491	3.4285004
17494	3.548718
17497	3.845238
175	4.0506296
1750	1.75
17500	3.8333335
17503	3.625
17506	3.1238112
17509	3.2204862
17512	3.1645834
17515	4.0104165
17518	2.0
17521	2.5
17524	4.0645833
17527	2.912798
1753	4.0
17530	2.375
17533	3.735792
17536	4.1035585
17539	3.296521
17542	3.0
17545	1.0
17548	2.5555556
17551	2.0
17554	3.240625
17557	4.2791667
1756	3.7060804
17560	3.8492155
17563	3.7388558
17566	4.111111
17569	4.0
17572	3.4293423
17575	2.9166667
17578	3.4108772
17581	3.75
17584	3.8888886
17587	3.3309524
1759	3.8603907
17590	3.6
17593	4.404762
17596	3.388889
17599	3.3333333
17602	5.0
17605	3.1190474
17608	1.3333334
17611	4.0
17614	3.3991663
17617	2.8
1762	3.0
17620	2.3333333
17623	3.1666667
17626	4.0
17629	3.5
17632	3.980185
17635	2.8888886
17638	3.3400064
17641	4.3684025
17644	1.6666666
17647	2.8
1765	3.6806707
17650	3.1994047
17653	3.2071505
17656	4.1666665
17659	2.5
17662	2.9823897
17665	2.7041667
17668	2.5
17671	3.780375
17674	3.6479592
17677	4.2916665
1768	3.298043
17680	3.9884923
17683	3.5
17686	3.7708335
17689	1.5
17692	3.0002756
17695	2.7
17698	2.75
17701	3.051353
17704	2.9802082
17707	4.0347614
1771	2.5527098
17710	2.6666667
17713	3.9761906
17716	3.9711835
17719	2.6666667
17722	2.625
17725	3.717025
17728	3.6
17731	2.0
17734	3.3333333
17737	3.9285715
1774	3.738095
17740	3.6910982
17743	3.2327945
17746	3.1395833
17749	4.5
17752	3.3611114
17755	3.5
17758	2.8584087
17761	3.0033703
17764	3.86551
17767	4.0
1777	3.75
17770	2.6875
178	3.7116072
1780	3.1063986
1783	3.5476773
1786	2.8333335
1789	4.0125
1792	3.0490077
1795	4.23978
1798	3.9810681
1801	3.7387755
1804	4.1857305
1807	2.5333333
181	2.58134
1810	3.7406533
1813	3.5
1816	2.6153586
1819	2.934702
1822	2.4166667
1825	3.36
1828	2.8333333
1831	3.0
1834	3.2724025
1837	3.2684696
184	3.0333333
1840	3.7739582
1843	3.2067323
1846	2.8
1849	3.1666667
1852	1.6666666
1855	3.125
1861	3.0748715
1864	2.5
1867	3.6428778
187	2.9806285
1870	2.6875
1873	1.5
1876	2.6666667
1879	3.5416667
1882	4.3184524
1885	3.4057906
1888	2.5
1891	3.1071427
1894	3.3333333
1897	3.5
19	3.40625
190	2.5833333
1900	2.0
1903	2.0666666
1906	3.0
1909	3.0
1912	3.8279219
1915	4.254216
1918	3.1128502
1921	2.4
1924	1.0
1927	3.3333333
1930	2.2
1933	2.25
1936	2.857143
1939	3.4184117
1942	4.5
1945	2.6944447
1948	2.7476192
1951	3.0333333
1954	3.3333333
1957	1.0
196	4.0
1960	3.0
1963	2.9415674
1966	2.6666667
1969	3.9776332
1972	3.8964837
1975	2.8666914
1978	2.1666667
1981	3.0625
1984	2.3333333
1987	3.9104168
199	3.9215758
1990	3.4479167
1993	2.125
1996	3.1333332
1999	3.0620534
2002	2.625
2005	2.5
2008	2.9583333
2011	4.277778
2014	2.7083333
2017	3.764137
202	3.238095
2020	4.2906246
2023	3.1833334
2026	3.8714287
2029	2.6
2032	2.25
2035	2.25
2038	2.5
2044	2.027778
2047	3.1719832
205	2.725
2050	3.2
2053	2.3333333
2056	3.5663266
2059	4.1710315
2062	4.275
2065	1.5
2068	4.21875
2071	3.3333333
2074	4.2127075
2077	3.5072918
208	3.448275
2080	3.2629464
2083	3.8
2086	3.5208335
2089	3.9
2092	3.5
2095	3.5840168
2098	3.7857144
2101	3.7738094
2104	3.3304389
2107	3.3333335
211	4.061905
2110	3.0
2113	3.0764258
2116	2.5380952
2119	2.0
2122	3.6583579
2125	2.25
2128	3.9431677
2131	2.0666668
2134	3.8055556
2137	2.7309525
214	5.0
2140	3.2065825
2143	3.2
2146	3.8333335
2149	3.4856641
2152	3.405302
2155	2.557143
2158	3.8416665
2161	3.580084
2164	3.721421
2167	3.7936928
217	3.2142856
2170	2.8333333
2173	3.3110337
2176	3.7505682
2179	2.0
2182	2.896754
2185	2.9166665
2188	3.5753818
2194	4.15625
2197	2.5
22	1.5
220	3.2
2200	3.018933
2203	4.0802083
2206	4.338095
2209	3.7759223
2212	3.871418
2215	3.8333333
2218	3.5729165
2221	3.6666667
2224	3.4
2227	2.0
223	4.1524453
2230	3.3611114
2233	1.5
2236	3.9785714
2239	2.7440474
2242	2.875
2245	2.25
2248	3.3333335
2251	3.184253
2254	3.0353787
2257	2.1666667
226	3.1666667
2260	2.8095238
2263	3.125
2266	3.4146328
2269	2.3671215
2272	2.6944447
2275	2.0
2278	2.0
2281	3.5208333
2284	2.9594402
2287	3.089038
229	4.15625
2290	4.175832
2293	2.9761906
2296	3.809524
2299	3.9583335
2302	3.457425
2305	4.0
2308	4.0
2311	4.0
2314	3.6148987
2317	3.03125
232	3.137551
2320	2.25
2323	3.8
2326	3.7139626
2329	3.7153826
2332	3.8283975
2335	3.1736112
2338	3.2315037
2341	2.90625
2344	3.0555553
2347	5.0
235	2.5833333
2350	3.6152608
2356	2.6403317
2359	3.9375
2362	3.970211
2365	3.0416667
2368	3.8200002
2371	4.0465884
2374	3.3958335
2377	2.875
238	3.3488636
2380	3.6748893
2383	3.4749513
2386	2.9840415
2389	3.816815
2392	3.3333333
2395	3.475509
2398	3.8364584
2401	2.1666667
2404	2.5
2407	3.1416667
241	4.1555185
2410	3.2440479
2413	3.5
2416	3.0
2419	3.6666667
2422	2.8683834
2425	4.0
2428	2.5
2431	3.59752
2434	2.5
2437	2.0
244	4.1666665
2440	3.9205854
2443	3.9585414
2446	2.25
2449	3.0
2452	4.4403853
2455	1.8333334
2458	3.2250001
2461	1.6
2464	3.5440855
2467	2.5354166
247	3.5
2470	3.5823421
2473	3.125
2476	3.8958335
2479	3.9933035
2482	3.0978885
2485	3.0357144
2488	3.125
2491	3.0666666
2494	2.25
2497	3.0
25	3.8333333
250	3.2222223
2500	2.8622448
2503	3.7416666
2506	3.9083335
2509	3.1666665
2512	3.4297261
2515	3.3333333
2518	3.4043775
2521	2.8197618
2524	3.417113
2527	2.9856153
253	4.1272554
2530	3.0
2533	3.2947302
2536	3.5
2539	3.9616299
2542	2.8645835
2545	2.1
2548	4.3307242
2551	3.9653575
2554	3.6232302
2557	2.6666667
256	3.4701474
2560	2.3333333
2563	2.0
2566	4.417822
2569	2.4166667
2572	3.3355289
2575	4.3125
2578	3.725958
2581	3.9761906
2584	3.4166667
2587	2.5
259	3.345238
2590	3.5833664
2593	3.125
2596	3.3
2599	3.761111
2602	3.25
2605	2.6333332
2608	4.1666665
2611	2.25
2614	2.0
2617	3.0794747
262	3.9433777
2623	2.89375
2626	1.8571428
2629	5.0
2632	3.25
2635	1.0
2638	4.0558033
2641	2.7208333
2644	3.707143
2647	2.771875
265	3.7916667
2650	2.9642856
2653	3.2083333
2656	3.28125
2659	3.3304489
2662	3.4986193
2665	4.0833335
2668	2.8461716
2671	2.3
2674	3.855853
2677	3.3761904
268	3.7592294
2680	3.2288384
2683	2.5
2686	3.3770833
2689	3.457143
2692	4.228125
2695	3.6428568
2698	3.6845083
2701	3.620117
2704	3.0
2707	3.1666667
271	3.152778
2713	3.1904762
2716	2.7583334
2719	3.6000001
2722	3.0
2725	1.0
2728	1.8333333
2731	2.8595123
2734	3.2689006
2737	2.6875
274	2.7714286
2740	3.5
2743	4.1081686
2746	2.8666666
2749	3.1739898
2752	3.0
2755	3.7250504
2758	3.0625
2761	3.3333333
2764	3.0
2767	3.5666668
277	4.5
2770	2.6666667
2773	3.357143
2776	2.7916667
2779	2.6937227
2782	4.3109517
2785	2.0
2788	3.3333333
2791	3.4511905
2794	3.3940477
2797	3.4333336
28	3.8045578
280	3.6190474
2800	3.4743237
2803	4.380729
2806	4.1666665
2809	3.601447
2812	3.6666667
2815	1.5
2818	4.4
2821	3.6666667
2824	3.0
2827	4.8
283	3.8150947
2830	3.142857
2833	3.0
2836	2.3333335
2839	3.9047618
2842	3.6
2845	3.8452382
2848	3.9531372
2851	3.590192
2854	3.0
2857	3.8544643
286	3.5
2860	2.4
2863	3.125
2866	3.4292367
2869	2.8333333
2872	3.845381
2875	3.3571432
2878	3.857143
2881	2.6190476
2884	3.0238097
2887	3.0
289	2.4170334
2890	4.0798244
2893	3.8
2896	3.3363097
2899	3.8440664
2902	4.25
2905	3.4950335
2908	3.7067325
2911	3.5
2914	2.0
2917	3.0
292	3.8333335
2920	3.5521593
2923	2.0
2926	3.5
2929	2.1
2932	3.2222223
2935	1.9666666
2938	4.1984143
2941	2.4166665
2944	3.9235022
2947	3.0
295	3.340319
2950	3.3846726
2953	3.663281
2956	2.4
2959	3.3333333
2962	3.3471727
2965	3.7573576
2968	2.514583
2971	3.367347
2974	3.1912112
2977	1.8055555
298	3.202381
2980	3.6494048
2983	1.7777777
2986	3.5311058
2989	3.562004
2992	3.6422384
2995	3.7
2998	2.0
3001	3.5
3004	3.0555553
3007	2.3333335
301	3.0
3010	3.953125
3013	3.4140701
3016	4.0
3019	4.5
3022	3.75
3025	3.6031744
3028	3.277778
3031	2.4166667
3034	3.875
3037	2.625
304	4.088854
3040	2.6666667
3043	3.2070346
3046	4.3287587
3049	3.263889
3052	3.2
3055	4.1666665
3058	3.7972226
3061	4.0
3064	2.3666666
3067	4.777778
307	4.25
3070	2.4444444
3073	4.4416666
3076	2.7895834
3079	4.1899834
3082	3.7776358
3085	2.9393015
3088	3.25
3091	2.607143
3094	2.1666667
3097	3.25
31	4.375
310	2.888889
3100	4.5
3103	1.7916666
3106	3.6341972
3112	3.7142856
3115	5.0
3118	1.0
3121	3.9444444
3124	3.8810756
3127	2.3809524
313	3.6692808
3130	3.0
3133	3.68125
3136	2.25
3139	4.2791667
3142	2.857143
3145	3.5517857
3148	3.4609582
3151	3.3995633
3154	2.8333333
3157	3.0541666
316	4.467158
3160	3.182603
3163	3.53125
3166	3.5
3169	3.1666667
3172	4.3
3175	3.4166667
3178	3.6666667
3181	3.5456412
3184	3.439583
3187	3.0
319	3.3333333
3190	3.4163754
3193	2.0
3196	2.5586312
3199	3.5
3202	3.75
3205	2.5
3208	2.7618551
3211	4.0
3214	2.5
3217	3.2291667
322	2.86875
3220	2.8821023
3223	3.7594388
3226	3.906723
3229	3.428125
3232	3.804246
3235	5.0
3238	2.8333333
3241	2.75
3244	2.4
3247	3.9285715
325	4.2673607
3250	2.7
3253	3.3596272
3256	3.1529884
3259	5.0
3262	3.1833332
3265	3.5511503
3268	2.9615748
3271	2.8333333
3274	3.6793923
3277	2.5
328	3.3333333
3280	2.25
3283	4.002084
3286	2.1333334
3289	3.0
3292	3.5833333
3295	2.561384
3298	3.1666667
3301	3.5646193
3304	2.722222
3307	4.0
331	3.6478121
3310	3.451274
3313	2.455357
3316	2.5270834
3319	2.7666667
3325	2.8041666
3328	3.0
3331	3.4946446
3334	3.0669644
3337	2.8333333
334	3.4922807
3340	3.222222
3343	2.9761906
3346	5.0
3349	3.6666667
3352	3.0
3355	3.5332618
3358	4.3333335
3361	2.0
3364	3.77337
3367	3.2340279
337	3.064836
3370	2.375
3373	3.0
3376	3.752516
3379	3.220083
3382	2.0833333
3385	3.3193765
3388	2.6666667
3391	3.9912906
3394	3.5947678
3397	3.0344248
34	2.0
340	2.6666667
3400	2.5
3403	3.6559637
3406	3.2083333
3409	2.5
3412	2.0
3415	4.2222223
3418	3.2393415
3421	3.7595236
3424	1.7083333
3427	3.3492334
343	2.0
3430	4.0
3433	3.3986878
3436	2.3333333
3439	3.8135166
3442	4.1142855
3445	2.0
3448	2.3333333
3451	3.506584
3454	5.0
3457	2.75
346	2.8055553
3460	2.2
3463	3.747742
3466	3.2828424
3469	3.8679137
3472	3.125
3475	4.112282
3478	3.7336001
3481	3.1507556
3484	2.7083333
3487	3.700618
349	2.21875
3490	2.888889
3493	3.0
3496	3.2236152
3499	3.25
3502	2.0
3505	2.2033315
3508	3.5
3514	2.125
3517	3.388889
352	2.75
3520	3.472222
3523	4.363608
3526	3.2306554
3529	3.103531
3532	3.4657197
3535	3.3520923
3538	3.7140896
3541	3.812772
3544	3.7930222
3547	1.0
355	2.6666667
3550	4.0
3553	3.0
3556	1.5
3559	3.4375706
3562	3.0
3565	3.3909721
3568	3.5833333
3571	2.9683113
3574	3.607143
3577	1.0
358	3.5196972
3580	2.3333333
3583	2.951885
3586	3.5
3589	2.6666667
3592	3.111111
3595	2.5086236
3598	2.5714285
3601	2.625
3604	1.8
3607	1.4444443
361	3.6712916
3610	3.7936943
3613	2.7916665
3616	2.904762
3619	2.625
3622	3.40377
3625	3.296875
3628	2.9166667
3631	2.7916667
3634	2.7525976
3637	2.25
364	2.8333333
3640	3.0005386
3643	3.64
3646	2.9761906
3649	3.6763139
3652	3.0238094
3655	2.1388888
3658	2.75
3661	4.0
3664	3.0555553
3667	1.8645833
367	3.2378404
3670	3.0549078
3673	3.3125
3676	5.0
3679	4.083333
3682	4.0833335
3685	3.6228218
3688	3.25
3691	2.5
3694	2.0
3697	1.5
37	4.2
370	3.2
3700	4.10625
3703	3.3013258
3706	3.4166667
3709	2.7
3712	3.2714286
3715	3.3961153
3718	2.2333333
3721	3.0555553
3724	3.457143
3727	3.375
373	3.6666667
3730	3.971332
3733	3.8807538
3736	3.547028
3739	4.194444
3742	3.982922
3745	2.2791667
3748	3.0
3751	3.8541667
3754	2.6666667
3757	3.6826532
376	3.5833333
3760	3.6111114
3763	2.7881947
3766	2.7697916
3769	4.2364025
3772	2.0625
3775	2.836939
3778	3.2958336
3781	3.4285715
3784	4.1840277
3787	3.2482
379	3.0
3790	3.0
3793	3.0
3796	3.6486466
3799	2.4444444
3802	3.9404762
3805	3.4
3808	2.4464285
3811	3.2142856
3814	3.227001
3817	3.8621886
382	4.0
3820	2.7187502
3823	3.2083333
3826	3.6350706
3829	3.2
3832	3.7
3835	3.1786747
3838	4.2380953
3841	3.6589828
3844	1.0
3847	3.5369046
385	3.6856616
3853	2.5
3856	4.0
3859	2.9999998
3862	2.7439044
3865	2.2222223
3868	3.8857143
3871	3.5
3874	3.0
3877	2.25
388	2.5333333
3880	3.6176162
3883	4.6666665
3886	3.5105996
3889	2.9767857
3892	2.625
3895	3.875
3898	3.2
3901	3.5
3904	3.2083333
3907	3.256435
391	3.375
3910	3.7777777
3913	4.2380953
3916	2.75
3919	2.3333333
3922	2.8333333
3925	3.5322075
3928	4.220544
3931	2.6
3934	3.5556548
3937	1.9583334
394	3.6848214
3940	2.25
3943	2.9916668
3946	2.5638342
3949	3.4138663
3952	3.3
3955	3.8026762
3958	4.333554
3961	3.59375
3967	3.0
397	4.142857
3970	3.242221
3973	4.125
3976	3.2852182
3979	2.9523811
3982	3.7333336
3985	3.25
3988	3.2550445
3991	3.1
3994	2.0416667
3997	3.125
4	3.1
40	2.9285715
400	3.708036
4000	3.3333333
4003	1.9
4006	4.0
4009	3.0666666
4012	2.997835
4015	2.6095238
4018	3.5
4021	3.25
4024	3.125
4027	3.288244
403	2.1
4030	3.0
4033	4.2225814
4036	3.4166665
4039	1.9444445
4042	3.306101
4045	4.044558
4048	3.7604165
4051	3.6666665
4054	3.9603534
4057	3.5
406	3.7858992
4060	3.6650927
4063	3.4333332
4066	3.375
4069	3.6312504
4072	3.4489393
4075	3.75
4078	3.7995203
4081	2.6666667
4084	3.25
4087	2.9166667
409	3.2857144
4090	4.0
4093	2.1944444
4096	3.5
4099	3.4444444
4102	3.6666665
4105	4.3958335
4108	2.75
4111	2.3333333
4114	3.5
4117	2.8718748
412	2.5
4120	3.5
4123	3.4713314
4126	1.8333334
4129	4.302083
4132	4.0
4135	3.88275
4138	3.5128622
4141	3.5401921
4144	3.4901562
4147	3.1382132
415	1.9285715
4150	3.2453463
4153	2.02
4156	3.6666667
4159	3.3185337
4162	2.9166667
4165	2.277381
4168	4.0708966
4171	3.0556233
4174	3.0714285
4177	3.8175826
418	2.5020833
4180	2.8333333
4183	3.25
4186	1.625
4189	3.7013886
4192	3.0
4195	3.3333333
4198	3.2455356
4201	2.9908912
4204	3.6666667
4207	4.249475
421	4.1722226
4210	2.991963
4213	2.25
4216	3.1841364
4219	3.8226378
4222	3.9
4225	3.4728994
4228	3.875
4231	3.0
4234	2.9166667
4237	2.562069
424	3.492456
4240	3.547619
4243	3.0
4246	3.0
4249	3.8672447
4252	3.875
4255	2.2371435
4258	3.875
4261	4.111111
4264	3.875
4267	3.4972222
427	3.1011906
4270	3.1644344
4273	3.59375
4276	2.8333333
4279	3.7172618
4282	3.1248016
4285	3.702381
4288	2.952381
4291	3.6117558
4297	2.6666667
43	3.0
430	4.3145833
4300	1.5
4303	2.0
4306	4.3305907
4309	2.888889
4312	2.7666667
4315	3.492042
4318	4.0
4321	3.5714283
4324	2.5
4327	3.513393
433	3.6033309
4330	3.628973
4333	3.96875
4336	3.059375
4339	3.2975001
4342	3.9773312
4345	3.8139083
4348	4.1190476
4351	3.375
4354	2.7750678
4357	3.6666667
436	3.8382938
4360	3.9492416
4363	3.1666667
4366	3.8664045
4369	3.2921963
4372	3.4580991
4375	2.5
4378	3.9791665
4381	4.2516365
4384	3.533791
4387	3.5986876
439	3.26875
4390	3.2984219
4393	3.3873448
4396	3.1502576
4399	2.7142856
4402	3.3489175
4405	3.9955177
4408	2.7083333
4411	3.3687499
4414	2.3839285
4417	5.0
442	3.955001
4420	3.2266717
4426	3.2291665
4429	2.9971058
4432	3.763348
4435	2.75
4438	3.1577382
4441	3.3191965
4444	3.875
4447	3.111111
445	3.563118
4450	3.693502
4453	3.625
4456	3.190476
4459	4.4
4462	3.3333333
4465	3.6401713
4468	3.9604168
4471	4.5
4474	3.204018
4477	3.1
448	2.5
4480	4.5
4483	3.636905
4486	2.875
4489	3.626637
4492	2.7352552
4495	3.95
4498	2.142857
4501	3.1875
4504	4.0
4507	3.4489582
451	4.173077
4510	3.0
4513	4.0
4516	3.6502974
4519	2.9840908
4522	3.9124286
4525	3.9791665
4528	3.962216
4531	4.2097983
4534	3.8611114
4537	3.125
454	4.1540174
4540	2.875
4543	3.0639882
4546	3.385216
4549	3.7666664
4552	3.5520835
4555	4.0
4558	3.375
4561	3.4125
4564	2.4375
4567	3.5
457	3.8964486
4570	3.3686905
4573	3.3333333
4576	3.0
4579	2.6388888
4582	2.5416667
4585	3.9047618
4588	3.2583332
4591	3.4676838
4594	3.6332524
4597	3.3333333
46	3.8414407
460	2.2
4600	2.4062502
4603	2.0
4606	4.4
4609	3.7154517
4612	3.1217368
4615	2.3333333
4618	2.8
4621	2.5586312
4624	3.25
4627	3.5697894
463	4.0024214
4630	2.9583216
4633	4.1591
4636	3.4815233
4639	2.7375
4642	4.25
4645	2.5
4648	3.8708334
4651	4.088095
4654	2.6666667
4657	4.333333
466	3.0833333
4660	3.4115717
4663	3.7856421
4666	3.0
4669	3.450408
4672	2.0
4675	3.6208332
4678	3.276195
4681	3.2142856
4684	3.7482991
4687	2.3333333
469	2.75
4690	3.050595
4693	3.122109
4696	2.75
4699	3.8391867
4702	2.5
4705	3.5653255
4708	2.0
4711	2.0
4714	4.25
4717	3.5555556
472	2.9583335
4720	3.6979165
4723	3.0
4726	2.625
4729	3.375
4732	2.0
4735	2.0
4738	4.0
4741	3.1666665
4744	2.25
4747	3.4791667
475	3.2291665
4750	2.0
4753	2.5535817
4756	2.3333333
4759	2.3333333
4762	2.5
4765	5.0
4768	5.0
4771	1.7619048
4774	3.1704898
4777	3.437263
478	3.1944447
4780	4.420833
4783	3.7632916
4786	3.792857
4789	4.5290637
4792	2.9479167
4795	2.0
4798	4.037847
4801	3.0543678
4804	3.3104167
4807	3.0833333
481	3.2
4810	3.6666667
4813	4.2
4816	3.2847314
4819	4.2214284
4822	3.8333333
4825	3.2222223
4828	2.8333333
4831	3.3989239
4834	3.0
4837	2.0
484	3.0
4840	3.175595
4843	2.6437438
4846	3.1904762
4849	3.6319735
4852	3.0888357
4855	4.0
4858	3.5
4861	3.875
4864	3.4708333
4867	3.513888
487	3.125
4870	3.3570523
4873	3.0
4876	3.5302038
4879	2.8333333
4882	3.3333333
4885	4.5
4888	3.116325
4891	3.05
4894	5.0
4897	4.033334
49	4.25
490	3.28125
4900	1.75
4903	5.0
4906	3.4259183
4909	4.3125
4912	4.00543
4915	4.0
4918	3.7145834
4921	4.75
4924	4.242361
4927	2.472222
493	2.5
4930	3.3690474
4933	3.1666667
4936	3.0627706
4939	3.2
4942	2.6607144
4945	5.0
4948	3.2836173
4951	3.7398922
4954	4.25
4957	3.5
496	3.625
4960	3.8333333
4963	4.361111
4966	2.9289684
4969	4.0
4972	3.36433
4978	4.3346386
4981	3.1476192
4984	3.0
4987	4.0
499	3.0082588
4990	4.035714
4993	3.5
4996	3.4845595
4999	3.3333335
5002	2.5
5005	2.6899333
5008	3.0833333
5011	3.0
5014	3.821528
5017	3.8
502	3.7940476
5020	2.8270674
5023	3.5
5026	3.67
5029	2.9583333
5032	2.5
5035	3.0802143
5038	3.0
5041	3.4766545
5044	1.0
5047	3.4024887
505	3.0780797
5050	4.056843
5053	5.0
5056	3.2458155
5059	3.4691315
5065	2.8333333
5068	1.75
5071	3.6659489
5074	3.3
5077	1.5
508	2.4166667
5080	4.1333337
5083	3.9761906
5086	2.8333333
5089	2.75
5092	4.3242664
5095	2.1875
5101	3.5
5104	3.3698878
5107	3.2916667
511	2.6776516
5110	2.6
5113	2.8541665
5116	3.1111114
5119	2.25
5122	2.7
5125	4.6666665
5128	3.2857144
5131	3.0714285
5134	3.6666667
5137	3.7388496
514	4.085417
5140	3.4339454
5143	3.6666667
5146	2.4642856
5149	3.590622
5152	3.875
5155	2.0
5158	3.888889
5164	3.1763606
5167	3.5
517	3.454354
5170	2.3287337
5173	3.6666667
5176	3.1999998
5179	3.12318
5182	2.4145834
5185	2.5969698
5188	3.3333333
5191	3.130666
5194	2.59623
5197	3.304762
52	3.7889228
520	3.75
5200	2.0
5203	2.6875
5206	3.8680556
5209	2.25
5212	3.8791666
5215	3.1319444
5218	5.0
5221	3.0541666
5224	3.6339285
5227	3.1400826
523	3.3333333
5230	2.6874998
5233	1.25
5236	3.243403
5239	3.6934118
5242	2.2142856
5245	3.5512114
5248	2.5
5251	1.8
5254	2.8652787
5257	2.917323
526	2.7083333
5263	2.8125
5266	3.25
5269	3.375
5272	3.5736113
5275	3.0
5278	2.9642856
5281	1.8333334
5284	3.75
5287	3.7705703
529	3.5833333
5290	3.8571432
5293	3.9329162
5296	3.047393
5299	4.2390227
5302	4.0
5305	3.3704455
5308	3.3411324
5311	2.5
5314	3.8095238
5317	3.348725
532	3.1458335
5320	3.2439346
5323	4.25
5326	4.4521384
5329	3.0
5332	3.0
5335	1.6666666
5338	3.2364297
5341	3.8529763
5344	2.8747022
5347	2.25
535	3.5149567
5350	3.6666667
5353	3.8333333
5356	4.3265305
5359	3.8999999
5362	3.73125
5365	2.0
5368	3.805719
5371	2.7142856
5374	3.3413692
5377	3.625
538	2.5
5380	2.0
5383	3.375
5386	1.3333334
5389	2.625
5392	2.8333335
5395	3.743403
5398	2.25
5401	3.4013684
5404	3.0
5407	3.1675594
541	2.0
5410	3.5833333
5413	3.533333
5416	3.4958332
5419	3.6583333
5422	3.875
5425	3.0171154
5428	3.5
5431	2.1666667
5434	2.994337
5437	2.5
544	3.6666667
5440	1.5
5443	2.6666667
5446	3.0
5449	3.0
5452	3.0
5455	3.32185
5458	3.25
5461	2.5333333
5464	3.2544644
5467	3.0442355
547	2.625
5470	2.3333333
5473	3.5141776
5476	3.7724206
5479	3.4285715
5482	3.3333333
5485	4.0571427
5488	3.4121387
5491	2.5
5494	4.5
5497	4.2738094
55	3.0407681
550	3.5214083
5500	3.0
5503	3.4709506
5506	3.7500002
5509	3.1354167
5512	2.9166667
5515	4.1232214
5518	3.7313302
5521	3.3368056
5524	3.2726133
5527	2.625
553	3.3055556
5530	4.417506
5533	3.4928572
5536	4.3333335
5539	4.068002
5542	2.76875
5545	3.206499
5548	2.5
5551	2.5
5554	3.859375
5557	3.3
556	3.3125
5560	3.098286
5563	3.820669
5566	2.8333333
5569	4.197917
5572	3.75
5575	2.0
5578	3.357143
5581	2.9166667
5584	3.0
5587	3.596766
559	5.0
5590	3.739236
5593	3.75
5596	3.75
5599	4.5
5602	3.3427083
5605	3.9274037
5608	4.1190476
5611	1.8571428
5614	3.7955134
5617	2.776949
562	1.0
5620	2.0
5623	3.1875
5626	4.0
5629	3.0579202
5632	3.7380955
5635	2.0
5638	3.4404435
5641	1.5
5644	2.9250283
5647	2.6165223
565	4.0
5650	3.7558548
5653	3.6729164
5656	3.6872785
5659	2.9510283
5662	3.6375
5665	3.4680831
5668	2.0
5671	3.8558729
5674	1.7777777
5677	2.75
568	3.5
5680	4.0285716
5683	3.6959324
5686	2.9346225
5689	2.875
5692	2.9396386
5695	3.1253247
5698	3.0
5701	3.8333333
5704	3.5312393
5707	3.561012
571	3.9773922
5710	3.1828034
5713	2.5833333
5716	3.237103
5719	4.0
5722	2.9166667
5725	2.9047618
5728	2.5
5731	3.9529514
5734	2.8708334
5737	2.75
574	3.5
5743	3.25
5746	3.0666668
5749	5.0
5752	1.75
5755	2.888889
5758	2.5833333
5761	3.889164
5764	3.7142856
5767	3.4444447
577	4.385227
5770	3.75
5773	2.777778
5776	3.5
5779	3.7142856
5782	3.945139
5785	3.75
5788	4.036094
5791	5.0
5794	4.1666665
5797	2.0
58	3.5987418
580	3.0961988
5800	2.845238
5803	1.6666666
5806	2.4635417
5809	3.6382542
5812	3.801637
5815	3.075
5818	4.0
5821	4.151736
5824	2.0
5827	2.9583333
583	3.875
5830	3.25
5833	3.6666667
5836	3.1961527
5839	1.9166666
5842	3.4032736
5845	3.861072
5848	4.0
5851	3.6666667
5854	3.9305
5857	3.4761906
586	3.3839288
5860	2.675926
5863	3.5719695
5866	3.0
5869	3.3264766
5872	1.0
5875	3.6746228
5878	2.7854168
5881	3.5753014
5884	3.9002938
5887	4.0833335
589	2.1119046
5890	2.7364347
5893	2.6166666
5896	3.6329815
5899	3.5578809
5902	1.8222222
5905	2.625
5908	3.630733
5911	3.0
5914	3.0
5917	3.8180556
592	1.6666666
5920	3.0
5923	1.0
5926	4.0379167
5929	3.375
5932	3.4523811
5935	3.0
5941	3.6791668
5944	4.0
5947	3.7168574
595	3.9904761
5950	2.2
5953	2.0
5956	3.0
5959	4.0
5962	3.43125
5965	2.1111112
5968	4.175
5971	3.002157
5974	4.125
5977	3.4291503
598	3.0
5980	3.7760415
5983	3.2506711
5986	2.3333333
5989	3.8333333
5992	4.1291914
5995	4.059524
5998	3.0833333
6001	3.2236114
6004	2.658035
6007	4.321126
601	3.404762
6010	2.125
6013	3.018611
6016	3.5006986
6019	3.5666664
6022	1.0
6025	3.7854168
6028	4.1125
6031	3.5
6034	2.7852757
6037	3.9781551
604	3.75
6040	4.045237
6043	2.5580854
6046	2.375
6049	4.3095236
6052	3.0
6055	2.2
6058	3.0
6061	2.0
6064	2.857143
6067	4.4791665
607	3.5535152
6070	3.9994602
6073	3.236487
6076	3.4166667
6079	3.3333333
6082	2.9583333
6085	3.9418902
6088	3.8
6091	3.6829681
6094	3.4933035
6097	2.3333333
61	2.6
610	3.0
6100	3.0
6103	2.0
6106	2.6666667
6109	2.8666666
6112	5.0
6115	3.25
6118	2.25
6121	4.0
6124	5.0
6127	2.6623106
613	3.0238097
6130	3.1944444
6133	3.5558727
6136	2.7142856
6139	3.5
6142	4.3096094
6145	3.8251128
6148	4.214286
6151	3.603125
6154	3.5
6157	3.058199
616	3.0
6160	3.392857
6163	2.7301588
6166	3.9882276
6169	2.5
6172	3.9386904
6175	2.722222
6178	4.3
6181	2.7916667
6184	2.1666665
6187	3.7333333
619	2.6666667
6190	3.7223508
6193	2.9591002
6196	3.9773636
6199	3.4583333
6202	3.0952382
6205	4.1297283
6208	2.5
6211	3.595238
6214	2.5714285
6217	2.0
622	3.0666666
6220	3.9550622
6223	3.4895527
6226	3.600595
6229	3.4951804
6232	1.3333334
6235	3.7939079
6238	2.3333333
6241	4.6666665
6244	2.6666667
6247	3.82612
625	1.9444443
6250	2.7380955
6253	3.0
6259	3.4190478
6262	3.5128117
6265	2.5555556
6268	2.8792162
6271	3.2184293
6274	4.1039977
6277	3.0
628	3.25
6280	4.1666665
6283	4.30276
6286	3.2
6289	2.3888888
6292	4.1270833
6295	4.0
6298	2.5
6301	2.1666667
6304	1.6
6307	3.5989585
631	3.645733
6310	2.8
6316	1.6666666
6319	2.6666667
6322	2.25
6325	3.2142856
6328	2.679671
6331	3.25
6334	3.0748053
6337	3.2026577
634	4.2283654
6340	2.8
6343	3.1625047
6346	2.3
6349	3.3777778
6352	3.355662
6355	4.226703
6358	2.75
6361	2.5833333
6364	3.5
6367	3.5874999
637	3.0646255
6370	3.8367083
6373	3.8178687
6376	3.0
6379	3.5017006
6382	2.861111
6385	2.0
6388	3.7
6391	3.1666667
6394	2.8537743
6397	4.055556
64	1.25
640	3.375
6400	3.5625
6403	2.0
6406	5.0
6409	3.1229167
6412	2.6666667
6415	2.7812502
6418	3.3183591
6421	2.7738097
6424	4.182197
6427	2.9166667
643	3.0969877
6430	3.0950568
6433	2.6666667
6436	4.0
6439	4.376488
6442	1.9642857
6445	4.0936866
6448	3.0403502
6451	2.945791
6454	3.6988425
6457	3.75
646	3.6767478
6460	3.0
6463	1.8
6466	3.0
6469	3.75
6472	3.6875
6475	3.583415
6478	2.0833333
6481	2.9583335
6484	3.9767857
6487	4.5
6490	4.7
6493	1.0
6496	3.0
6499	3.9705896
6502	3.4898999
6505	4.0
6508	3.4192877
6511	4.135417
6514	3.238095
6517	1.8333334
652	3.2677038
6520	3.1333334
6523	3.3973038
6526	2.29375
6529	3.5435605
6532	3.4072917
6535	3.4895833
6538	2.875
6541	3.7071428
6544	3.8133929
6547	2.0666666
655	3.825
6550	2.6200001
6553	3.8958335
6556	3.4746633
6559	2.8333333
6562	3.0
6565	3.359955
6568	2.888889
6571	3.4204478
6574	3.3735218
6577	2.5
658	3.6176848
6580	2.3333333
6583	2.6666667
6586	3.1607246
6589	2.4642856
6592	2.75
6595	4.1666665
6598	2.9047618
6601	3.6333337
6604	3.25
6607	3.1
661	3.3482761
6610	3.9852185
6613	4.281002
6616	3.4805446
6619	3.8791666
6622	3.0
6625	3.4166667
6628	2.4444444
6631	3.0695877
6634	3.5585957
6637	3.212847
664	3.0
6640	2.1742625
6643	2.138889
6646	2.3333333
6649	3.3333333
6652	3.875
6655	4.0801444
6658	3.6666667
6661	3.5616448
6664	3.964404
6667	3.5174363
667	3.8625
6670	3.2385004
6673	2.9757106
6676	4.0
6679	3.4
6682	2.3333333
6685	3.0416667
6688	3.357143
6691	2.6388888
6694	2.0
6697	3.7361896
67	1.5
670	3.586306
6700	5.0
6703	2.375
6706	3.3264015
6709	3.6854167
6712	3.0125
6715	2.357143
6718	3.4008524
6721	3.1974385
6724	3.9375002
6727	2.6111112
673	3.694129
6730	4.3333335
6733	3.25
6736	3.7383552
6739	4.245539
6742	3.261905
6745	1.0
6748	3.49375
6751	2.375
6754	2.7447917
6757	3.7142856
676	3.1532662
6760	3.2619743
6763	3.2380955
6766	2.472222
6769	3.8541667
6772	3.1666667
6775	3.8159695
6778	2.5833333
6781	1.75
6784	3.5238097
6787	2.0
679	4.0
6790	4.3333335
6793	3.5904763
6796	3.2040992
6799	3.8958333
6802	2.5833333
6805	2.375
6808	3.115828
6811	3.261905
6814	4.346726
6817	4.6666665
682	3.858731
6820	2.5
6823	2.75
6826	3.7080777
6829	3.6275775
6832	2.25
6835	3.7439547
6838	2.2
6841	4.0833335
6844	3.2508378
6847	3.0555556
685	3.8333335
6850	3.464951
6853	3.53125
6856	3.4166667
6859	3.5149117
6862	3.5
6865	4.3333335
6868	3.3745575
6871	3.75
6874	3.419496
6877	2.5
688	3.0416667
6880	2.875
6883	3.8708332
6886	2.9783201
6889	2.2916667
6892	3.0
6895	2.0
6898	4.1666665
6901	2.6
6904	3.8042943
6907	4.6666665
691	3.0833333
6910	3.2460847
6913	3.0408728
6916	3.7693453
6919	2.3020833
6922	3.1852114
6925	4.0
6928	2.9060516
6931	3.3006535
6934	2.7
6937	3.7696428
694	4.1583333
6940	3.2
6943	3.2
6946	3.4104166
6949	2.5833333
6952	5.0
6955	3.6666667
6958	3.073363
6961	3.2304163
6964	3.1666667
6967	3.6791668
697	3.0
6970	2.595238
6973	3.2625678
6976	3.9466474
6979	3.3333333
6982	3.1680555
6985	3.357143
6988	3.2931485
6991	4.0
6994	3.5608828
6997	3.4479167
70	2.8
700	3.708189
7000	4.5333333
7003	4.0
7006	3.0714285
7009	3.0627127
7012	1.6666666
7015	5.0
7018	4.0895834
7021	2.8214285
7024	2.888425
7027	4.5
703	3.5
7033	3.0
7036	3.642857
7039	4.0
7042	4.1907825
7045	4.320833
7048	3.2529154
7051	3.0
7054	3.0
7057	4.7068396
706	3.1333332
7060	4.192821
7063	2.7
7066	3.0
7069	3.2202337
7072	3.409612
7075	2.4
7078	3.0
7081	3.6
7084	2.6666667
7087	3.0
709	3.25
7090	2.6
7093	3.5
7096	3.6666667
7099	4.0
7102	3.9252977
7105	3.625
7108	4.0
7111	4.6666665
7114	2.222222
7117	3.779975
712	4.164286
7120	2.5
7123	2.0
7126	3.2470238
7129	4.0
7132	2.642857
7135	4.34375
7138	2.6666667
7141	3.2664683
7144	3.0714285
7147	4.309524
715	3.857143
7150	3.2458189
7153	2.375
7156	2.5
7159	3.8333335
7162	2.3055556
7165	2.7883677
7168	3.986715
7171	3.0
7174	1.6666666
7177	2.6249998
718	3.289881
7180	3.3220763
7183	3.25
7186	3.522596
7189	3.8229167
7192	2.6
7195	3.0
7198	3.6666667
7201	2.0833333
7204	3.2
7207	2.3
721	2.1833334
7210	3.835714
7213	2.0
7216	3.0
7219	4.0410094
7222	5.0
7225	3.0583334
7228	4.0
7231	4.0
7234	3.8035817
7237	3.9208205
724	4.4288692
7240	3.3872879
7243	3.0796132
7246	2.5
7249	2.8477569
7252	4.4747024
7255	4.0
7258	2.888889
7261	3.0
7264	2.8836446
7267	4.1944447
727	1.5
7270	3.7055511
7273	3.304762
7276	4.0
7282	3.6666667
7285	2.0
7288	4.0476193
7291	1.6666666
7294	3.4738023
7297	3.320238
73	4.15
730	3.9067886
7300	3.0
7303	4.195811
7306	4.0
7309	3.9041665
7312	2.0
7315	1.5
7318	2.25
7321	2.4439394
7324	2.718158
7327	2.75
733	3.381645
7330	3.789989
7333	2.0
7336	3.7113733
7339	2.6
7342	3.3
7345	3.75
7348	2.25
7351	1.9270834
7354	2.3218749
7357	3.620043
736	1.9166666
7360	3.8573246
7363	3.1904583
7366	3.75
7369	3.5708332
7372	3.5
7378	3.5161076
7381	3.169989
7384	4.5
7387	3.0333333
739	2.7738094
7390	3.9583333
7393	4.2812996
7396	4.6
7399	3.564694
7402	2.8791666
7405	3.1666667
7408	4.0
7411	2.7
7414	3.5017858
7417	2.1309524
742	2.0
7420	3.5117445
7423	2.6666667
7426	4.080952
7429	3.0
7432	2.8906744
7435	3.5067267
7438	2.9440477
7441	2.875
7444	1.9270834
7447	3.5
745	2.75
7450	2.6686509
7453	2.9306953
7456	3.1666667
7459	2.9285715
7462	2.6841345
7465	1.6928571
7468	2.9
7471	3.4166667
7474	2.28125
7477	1.6666666
748	3.5417135
7480	2.375
7483	3.7699957
7486	2.5416667
7489	3.5
7492	3.888889
7495	3.4166667
7498	2.5
7501	3.4373474
7504	4.5
7507	3.5833335
751	3.1076448
7510	2.7186012
7513	3.833172
7516	3.9709644
7519	3.5625
7522	2.0
7525	2.8645835
7528	2.9
7531	3.5
7534	3.57922
7537	3.91875
754	3.1907241
7540	2.5
7543	3.2
7546	2.0
7549	2.5
7552	3.5807042
7555	3.8779092
7558	2.0
7561	3.7
7564	3.0
7567	2.0833333
757	3.6666667
7570	3.1875
7573	3.5447917
7576	3.6902556
7579	2.8854167
7582	3.5
7585	3.0372026
7588	3.6729078
7591	4.0
7594	3.7994177
7597	3.2976189
76	4.157797
760	3.835401
7600	3.8124554
7603	3.5
7606	3.5057628
7609	3.75
7612	3.0
7615	2.932267
7618	3.7166667
7621	3.7491107
7624	3.8579226
7627	2.940842
763	3.4586222
7630	3.3611364
7633	3.4655979
7636	3.7303665
7639	4.488413
7642	3.9892511
7645	3.61926
7648	1.9166666
7651	2.8061013
7654	3.5
7657	3.8327022
766	3.75
7660	3.2604167
7663	4.4166665
7666	3.888889
7669	4.3775816
7672	3.6666667
7675	3.875
7678	2.8333333
7681	4.197917
7684	3.3333333
7687	3.5
769	3.0
7690	3.0345237
7693	3.2104168
7696	3.8961618
7699	3.3541665
7702	3.5
7705	3.3178382
7708	2.79375
7711	3.8333333
7714	1.9
7717	3.0
772	2.2
7720	2.75
7723	3.6666667
7726	2.4285715
7729	2.5
7732	2.7083333
7735	4.2961802
7738	3.357143
7741	3.5833333
7744	3.7748516
7747	4.0
775	3.3333333
7750	3.6515193
7753	4.25
7756	3.7348676
7759	4.0
7762	3.56229
7765	3.6581821
7768	3.0
7771	2.922596
7774	3.8
7777	2.4895833
778	1.0
7780	4.189792
7783	3.1
7786	3.9570076
7789	2.5
7792	2.0
7795	2.8229165
7798	2.642857
7801	4.2916665
7804	3.6135278
7807	3.2882576
781	3.625
7810	2.488095
7813	2.5
7816	3.3333333
7819	3.4479167
7822	3.0
7825	3.5531251
7828	3.5214157
7831	2.9980655
7834	2.75
7837	1.8333334
784	4.0
7840	2.8333333
7843	3.741149
7846	3.6
7849	4.0
7852	2.554301
7855	3.0
7858	3.9666667
7861	1.7
7864	3.3591268
7867	2.8958335
787	2.5
7870	3.2690475
7873	1.5
7876	4.071429
7879	3.5701268
7882	3.3093843
7885	3.9458716
7888	3.3333333
7891	4.6666665
7894	2.5
79	3.682145
790	3.0
7900	2.5
7903	4.385119
7906	3.5333333
7909	3.2291665
7912	3.5791173
7915	4.133333
7918	3.5833333
7921	2.2380953
7924	3.0
7927	2.2291667
793	3.3333335
7930	3.0
7933	3.04375
7936	2.625
7939	2.765705
7942	4.0057874
7945	5.0
7948	2.0
7951	4.5404763
7954	3.0
7957	3.0
796	3.1666667
7960	3.5502841
7963	3.8133879
7966	3.4444447
7969	2.5
7972	2.875
7975	3.875
7978	4.108333
7981	4.0
7984	4.063566
7987	3.182729
799	4.1414967
7990	2.7083335
7993	3.775365
7996	3.3333333
7999	2.7857144
8002	4.0
8005	2.5
8008	2.7
8011	3.6575398
8014	3.1675863
8017	3.7250001
802	3.75
8020	3.519991
8023	2.25
8026	3.0
8029	4.166667
8032	3.5833333
8035	2.0
8038	4.4050207
8041	2.81374
8044	2.8333333
8047	1.5
805	4.1666665
8050	3.4206588
8053	2.838095
8056	2.125
8062	3.25
8065	3.238095
8068	2.738095
8071	2.8333333
8074	3.4555552
8077	3.134927
808	3.2137735
8080	4.1972218
8083	3.3333333
8086	3.1892364
8089	4.085417
8092	4.555556
8095	4.025
8098	3.7016141
8101	2.1491659
8104	2.5
8107	3.86825
811	2.9896207
8110	2.6285717
8113	2.3
8116	4.436304
8119	3.0
8122	3.0166667
8125	2.8333333
8128	2.9791667
8131	3.6613455
8134	3.7142856
8137	3.4
814	3.0595238
8140	3.6104167
8143	3.667361
8149	2.9947295
8152	3.375
8155	2.5833333
8158	2.7356603
8161	2.8999999
8164	2.0
8167	3.5749998
817	3.6594849
8170	4.0
8173	3.6854167
8176	2.5416667
8179	2.25
8182	1.0
8185	3.488095
8188	3.5
8191	4.1949425
8194	3.3809526
8197	4.068283
82	3.75
820	1.0
8200	3.0
8203	3.0
8206	3.2
8209	2.7
8212	2.9600694
8215	3.2495902
8218	4.0
8221	2.9732144
8224	3.984375
8227	3.0
823	2.3333333
8230	3.0798612
8233	3.190476
8236	2.6666667
8239	2.903511
8242	3.0666666
8245	3.4
8248	4.1
8251	1.6666666
8254	3.1659029
8257	2.6
826	4.0
8260	2.75
8263	3.8802083
8266	2.7
8269	3.3221495
8272	4.0666666
8275	3.3333335
8278	2.8267317
8281	2.0
8284	2.0
8287	3.3971725
829	3.2371178
8290	3.4900568
8293	3.834015
8296	3.3333333
8299	3.0
8302	4.25
8305	3.5
8308	3.9546132
8311	2.808719
8314	2.1333332
8317	3.7895727
832	3.8663325
8320	3.5445256
8323	2.6666667
8326	3.3404176
8329	3.3791666
8332	2.75
8335	2.8333333
8338	3.9104168
8341	2.3333333
8344	2.97849
8347	4.2761903
835	3.357143
8350	1.9
8353	2.8333335
8356	4.0
8359	1.8333334
8362	3.0
8365	3.5
8368	2.75
8371	2.65625
8374	2.5
8377	3.1973214
838	2.5
8380	3.2
8383	3.5416667
8386	4.2632775
8389	2.9057553
8392	3.4345233
8395	3.5
8398	4.0
8401	3.0
8404	3.0958333
8407	3.6666667
841	3.125
8410	3.0
8413	3.4495733
8416	2.25
8419	3.2916665
8422	4.0
8425	2.6683674
8428	3.5634646
8431	2.5833333
8434	2.40625
8437	3.3041158
844	3.25
8440	3.0
8443	5.0
8446	4.0
8449	2.7916665
8452	3.1625
8455	1.4285715
8458	3.0
8461	4.142857
8464	3.0
8467	3.3702133
847	4.0
8470	2.923884
8473	4.458333
8476	3.125
8479	2.952381
8482	3.0
8485	1.0
8488	3.261905
8491	1.8
8497	3.5291271
85	3.0
850	3.3140693
8500	3.4404762
8503	4.0
8506	2.8547616
8509	3.0
8512	3.4784863
8515	3.443757
8518	3.1342192
8521	2.527778
8524	3.9803457
8527	4.0
853	3.3333333
8530	3.1041667
8533	3.4444447
8536	3.6449413
8539	3.9271982
8542	3.3333333
8545	3.7076843
8548	3.0
8551	2.7222223
8554	4.0
8557	3.616978
856	2.4285715
8560	5.0
8563	3.3518195
8566	2.5
8569	3.5011532
8572	3.8964062
8575	2.3770835
8578	2.4285715
8581	3.8761902
8584	3.4715323
8587	3.222222
859	3.3822925
8590	3.1066964
8593	3.5833333
8596	4.1178207
8599	2.4166667
8602	3.980272
8605	3.977976
8608	3.3229167
8611	2.1666667
8614	3.3854165
8617	2.357143
862	3.4955986
8620	4.5
8623	2.8468757
8626	3.9479167
8629	2.821875
8632	2.761905
8635	3.1234906
8638	2.9857955
8641	3.184216
8644	3.7969224
8647	3.5714285
865	4.5833335
8650	3.142857
8653	2.625
8656	3.7777777
8659	3.625
8662	3.6619046
8665	2.9761906
8668	3.0
8671	2.6597223
8674	4.2777777
8677	3.9026444
868	3.9583335
8680	4.2
8683	3.8548179
8686	3.0
8689	3.0625
8692	3.4583335
8695	4.0645833
8698	4.0433035
8704	3.25
8707	4.2559524
871	4.1354165
8710	2.5
8713	3.3125
8716	3.0714285
8719	3.9671354
8722	3.1936755
8725	2.3541665
8728	3.0357497
8731	2.28
8734	2.25
8737	2.8
874	4.3
8740	3.5043154
8743	3.8590364
8746	2.0
8749	2.0
8752	3.5878565
8755	3.9377525
8758	3.3693452
8761	3.2761905
8764	3.8510394
8767	2.8075893
877	3.5277777
8770	4.022321
8773	3.947349
8776	2.5
8779	3.875
8782	3.265408
8785	1.5
8788	2.0
8791	3.0
8794	2.1666667
8797	3.6380954
88	3.7916667
880	4.227588
8800	4.0
8803	3.5093393
8806	4.057932
8809	3.414234
8812	4.0729165
8815	3.6350174
8818	3.4828072
8821	3.027585
8824	2.9541664
8827	3.54637
883	3.4815538
8830	3.419717
8833	2.5
8836	4.4166665
8839	3.3139298
8842	3.1666667
8845	3.3222907
8848	3.9266567
8851	3.800787
8854	3.5492911
8857	3.041817
886	4.185873
8860	3.8949404
8863	2.75
8869	4.196045
8872	3.3762555
8875	3.5
8878	3.4687498
8881	3.4045267
8884	3.0571787
8887	4.1666665
889	4.0349703
8890	3.5
8893	4.251488
8896	2.7083333
8899	3.3333333
8902	3.6928573
8905	3.4047618
8908	3.815487
8911	2.937462
8914	3.138889
8917	1.5
892	3.5277777
8920	2.845139
8923	2.3333333
8926	2.0
8929	3.8333333
8932	3.6499999
8935	4.15
8938	2.8139892
8941	3.75
8944	3.6666667
8947	3.6666667
895	3.959524
8950	2.472222
8953	2.5
8956	4.25
8959	4.3333335
8962	4.0
8968	3.3333333
8971	2.7
8974	3.2
8977	3.5008805
898	3.1125
8980	3.8708587
8983	4.5
8986	3.9249997
8989	3.5513253
8992	2.9
8995	2.0
8998	4.311882
9001	3.0
9004	2.5
9007	3.3333333
901	3.8958333
9010	4.0
9013	3.8375
9016	3.4312232
9019	3.2
9022	2.7777777
9025	3.3809526
9028	3.9475112
9031	2.9166667
9034	3.8333333
9037	3.4760904
904	2.2857144
9040	3.0
9043	3.4821427
9046	3.904762
9049	3.6271594
9052	4.6666665
9055	3.2277777
9058	2.802751
9061	4.152976
9064	3.3333333
9067	2.5
907	3.9714653
9070	3.1314394
9073	2.8555555
9076	3.6893384
9079	2.690476
9082	3.0
9088	3.5416667
9091	3.5
9094	3.2916667
9097	3.2587664
91	4.4761906
910	2.8333333
9100	3.1785715
9103	3.4166667
9106	3.7891157
9109	3.5554123
9112	3.0347316
9115	3.6
9118	3.8333333
9121	3.095238
9124	3.0
9127	3.888889
913	2.8333335
9130	2.9523811
9133	3.7261903
9136	3.524618
9139	3.0
9142	1.0
9145	4.0
9148	2.9333334
9151	2.6190476
9154	2.2395833
9157	3.5
916	4.4
9160	3.4628377
9163	2.0
9166	1.9583333
9169	3.6731226
9172	3.0
9175	3.670578
9178	2.8
9181	3.5
9184	3.75
9187	3.2083335
919	3.2150626
9190	3.0833333
9193	3.6583335
9196	2.0
9199	2.7229166
9202	4.0
9205	3.3465042
9208	3.9331954
9211	2.0555556
9214	2.1
9217	3.5382142
922	3.6666667
9220	3.7
9223	3.3427582
9226	2.9285715
9229	3.5777118
9232	2.9333675
9235	3.4446049
9238	2.930587
9241	3.4937227
9244	2.25
9247	3.5
925	3.452381
9250	4.0
9253	3.2
9256	3.057738
9259	2.6666667
9262	3.015625
9265	3.4740944
9268	3.125
9271	3.7250001
9274	3.8748593
9277	2.3958335
928	3.0
9280	2.972272
9283	3.2916665
9286	3.0
9289	3.2931547
9292	4.4041667
9295	3.6223767
9298	3.4608274
9304	2.6875
9307	3.2142856
931	2.924901
9310	3.449623
9313	2.8333333
9316	3.013889
9319	3.0729165
9322	3.3714287
9325	3.6785715
9328	2.8666666
9331	2.5569458
9334	3.8218749
9337	3.9791667
934	3.4470236
9340	3.3832848
9343	2.697279
9346	5.0
9349	1.9
9352	2.8500001
9355	3.5398035
9358	2.3333333
9361	1.0
9364	3.0099
9367	3.2118056
937	3.7280993
9370	4.0666666
9373	2.75
9376	3.5
9379	4.0
9382	4.121337
9385	3.0
9388	2.7797618
9391	2.1666665
9394	3.402778
9397	3.4166667
94	3.0
940	3.694893
9400	3.2083333
9403	3.6666667
9406	4.15625
9409	2.3125
9412	2.0
9415	3.3785017
9418	3.8643563
9421	2.8824403
9424	2.3333333
9427	2.9166665
943	3.7202382
9430	2.631513
9433	4.0567937
9436	4.6571426
9439	2.25
9442	3.5297582
9445	3.5430555
9448	3.9444444
9451	2.0
9454	2.6666667
9457	4.0
946	1.5
9460	4.25
9463	3.75
9466	2.7
9469	2.791918
9472	4.0639343
9475	3.9191966
9478	1.8095237
9481	3.6795492
9484	2.75
9487	4.330357
949	3.5854166
9490	2.5
9493	3.0
9496	3.3194444
9499	3.6619048
9502	2.8125
9505	3.3434389
9508	3.0509684
9511	3.31875
9514	3.0
9517	3.2956905
952	4.2432675
9520	2.9523811
9523	1.0
9526	2.948612
9529	1.9738095
9532	3.6583488
9535	3.8125
9538	2.5
9541	3.0
9544	4.1666665
9547	1.5833334
955	3.3333333
9550	2.1595778
9553	2.915278
9556	3.3333333
9559	2.5833333
9562	3.0714285
9565	3.576732
9568	2.5
9571	3.309524
9574	3.111111
9577	3.9806547
958	3.3333335
9580	2.625
9583	2.8333333
9586	2.25
9589	2.625
9592	3.8728893
9595	1.5
9598	3.778459
9601	2.3333333
9604	2.0
9607	3.75
961	3.551671
9610	3.5
9613	3.1700666
9616	3.2525296
9619	4.1261907
9622	3.8055556
9625	3.9685616
9628	4.4336753
9631	3.4305556
9634	3.7083333
9637	3.8333335
964	3.791733
9640	3.3333333
9643	1.0
9646	2.375
9649	2.547619
9652	4.0
9655	3.0104167
9658	2.904167
9661	4.0
9667	3.0
967	3.7083335
9670	3.4
9673	2.895701
9676	2.6666667
9679	3.252232
9682	3.0833333
9685	3.2775714
9688	3.6666667
9691	3.8666663
9694	3.422364
9697	2.75
97	3.9160037
970	2.5
9700	1.5
9703	3.0
9706	2.0
9709	3.375
9712	3.6059248
9715	3.625
9718	2.9145832
9721	2.4
9724	2.7294643
9727	3.5137756
973	4.375
9730	2.75
9733	3.727561
9736	2.0
9739	3.2291665
9742	2.5
9745	2.8232322
9748	1.8333333
9751	2.9285715
9754	2.6
9757	3.7201443
976	4.3
9760	3.0
9763	3.5104167
9766	3.8931053
9769	2.375
9772	3.0
9778	3.0555553
9781	2.3611112
9784	3.8035712
9787	3.3833332
979	2.0
9790	3.875
9793	3.4666665
9796	2.8409333
9799	3.0
9802	4.0
9805	3.6682236
9808	3.7
9811	4.25
9814	3.9166665
9817	3.138889
982	3.436756
9820	3.152778
9823	4.1175594
9826	4.188874
9829	3.9722223
9832	4.0
9835	3.2291667
9838	3.080231
9841	2.7774878
9844	3.32808
9847	2.585034
985	3.6242552
9850	3.0
9853	2.4
9856	3.1139739
9859	2.9091284
9862	4.0117083
9865	4.8
9868	4.0625
9871	3.3333333
9874	3.0
9877	4.5
988	3.5981061
9880	1.8666666
9883	1.3333334
9886	3.582181
9889	2.642857
9895	2.5
9898	2.9270835
9901	3.0708332
9904	5.0
9907	3.222222
991	4.25
9910	2.6666667
9913	3.6018167
9916	3.3295527
9919	3.0833333
9922	3.7857144
9925	3.4690475
9928	1.9285715
9931	2.5
9934	3.5
9937	3.3770835
994	3.1290827
9940	3.5708034
9943	3.25
9946	3.982681
9949	3.3402832
9952	3.1190476
9955	3.0718255
9958	3.0
9961	4.0941944
9964	3.9097981
9967	3.4166667
997	3.1666667
9970	3.9345238
9973	4.0
9976	3.6020834
9979	5.0
9982	3.6666665
9985	3.3156834
9988	3.5678475
9991	3.4100797
9994	4.3333335
9997	3.4392858
