10001	4.666667
10004	4.2720995
10007	3.0416667
1001	3.3795033
10010	2.1666665
10013	3.219122
10016	3.125
10019	3.441533
10022	2.9719224
10025	3.111111
10028	2.8645835
10031	2.9166667
10034	3.9
10037	3.2604167
1004	3.1014385
10040	2.8622024
10043	4.2947917
10046	2.6666667
10049	1.5
10052	3.1276786
10055	3.3916304
10058	3.0
10061	4.3410206
10064	3.222222
10067	2.5333333
1007	3.0
10070	2.25
10073	3.2546883
10076	3.75
10079	4.071429
10082	2.6491098
10085	2.9585032
10088	3.830985
10091	2.6666667
10094	3.6057787
10097	2.8011904
101	2.857143
1010	2.5
10100	3.0243056
10103	3.8494298
10106	2.6666667
10109	2.942586
10112	4.1788692
10115	3.5
10118	3.9047618
10121	4.3534226
10124	2.875
10127	2.5
1013	4.0
10130	3.7803526
10133	2.8333333
10136	3.75
10139	3.8062499
10142	3.5012362
10145	3.1875
10148	3.0833335
10151	3.7291667
10157	3.9067235
1016	2.3333333
10160	3.0
10163	2.0
10166	1.4444443
10169	3.0
10172	3.3394346
10175	3.4285715
10178	3.158929
10181	3.5
10184	2.25
10187	3.75
1019	2.0833333
10190	3.2276783
10193	3.6235118
10196	2.1666665
10199	4.5
10202	3.9375
10205	3.0
10208	2.4666667
10211	3.644097
10214	3.038462
10217	2.351258
1022	3.3320842
10220	2.8333333
10223	3.9761906
10226	3.3292785
10229	3.0586915
10232	2.3714287
10235	1.5
10238	4.0
10241	3.5024674
10244	1.6666666
10247	1.4
1025	2.5
10250	3.6666667
10253	3.0104778
10256	3.570486
10259	3.6547618
10262	2.5625
10265	4.107143
10268	3.0
10271	3.3326998
10274	3.2601156
10277	3.8106728
1028	2.5
10280	3.7342284
10283	4.425
10286	3.5782683
10289	3.75
10292	3.8714287
10295	3.03125
10298	4.0088367
10301	3.5
10304	3.1029265
1031	4.213729
10310	1.3
10313	4.152841
10316	4.116667
10319	3.25
10322	2.9166667
10325	3.1875
10328	3.9761903
10331	2.6666667
10334	3.1875
10337	3.128334
1034	2.0
10340	4.5277777
10343	3.5565438
10346	2.0
10349	3.8166668
10352	4.3945575
10355	1.8
10358	3.1586804
10361	4.0713143
10364	3.6190476
10367	3.3979301
1037	2.9875
10370	2.4047618
10373	2.25
10376	3.0
10379	3.5820062
10382	3.3333335
10385	2.0
10388	3.2883928
10391	2.4
10394	3.5
10397	2.85161
104	3.6420937
1040	3.5
10400	2.5
10403	2.7655346
10406	3.8368258
10409	3.5555556
10412	3.3956478
10415	4.0
10418	4.229314
10421	2.9264023
10424	3.7407532
10427	1.0
1043	3.182486
10430	2.6541667
10433	4.0026674
10436	3.412061
10439	2.5833333
10442	3.8333333
10445	3.7571428
10448	3.1666667
10451	3.79755
10454	2.75
10457	3.25
1046	3.4001384
10460	4.0324216
10463	2.5
10466	3.8444333
10469	2.8
10472	3.666667
10475	1.6666666
10478	2.5
10481	2.4722223
10484	2.3333333
10487	3.7
1049	2.9023812
10490	3.0583336
10493	2.775
10496	3.3333333
10499	2.8750002
10502	2.0535715
10505	2.930938
10508	4.0
10511	2.0
10514	2.0333333
10517	1.9739492
1052	3.5
10520	2.9166667
10523	2.0
10526	2.724398
10529	3.0
10532	3.3333333
10535	3.5
10538	3.3645835
10541	2.9444447
10544	2.3333333
10547	4.2
1055	3.2197917
10550	3.7136867
10553	3.5
10556	3.6166666
10559	3.715909
10562	1.5
10565	2.3333333
10568	3.3191671
10571	2.25
10574	2.8333333
10577	2.9666665
1058	3.7201955
10580	4.2145834
10583	3.5827494
10586	3.2857144
10589	5.0
10592	3.5138886
10595	3.6
10598	4.3880053
10601	3.3913689
10604	3.1892362
10607	3.987841
1061	4.053571
10610	2.8809526
10613	3.8364153
10616	3.9166667
10619	3.6666667
10622	3.1877959
10625	3.378881
10628	2.0
10631	3.0
10634	4.3333335
10637	3.5738094
1064	3.0
10643	4.5586963
10646	3.2093751
10649	2.5
10652	1.625
10655	3.5309525
10658	3.0
10661	3.8150434
10664	3.620118
10667	3.24375
1067	3.2416666
10670	3.0
10673	3.355768
10676	3.2666664
10679	3.7
10682	4.311954
10685	3.0768502
10688	2.9
10691	2.5
10694	3.0476189
10697	3.4166667
107	3.563095
1070	2.75
10700	1.8
10703	2.3888888
10706	3.0
10712	3.3096309
10715	2.3333333
10718	3.4166667
10721	2.9746974
10724	3.3191803
10727	3.3333333
1073	4.0803623
10730	3.3682466
10733	3.2776427
10736	3.7652285
10739	3.3934054
10742	3.9
10745	2.8947916
10748	3.6564837
10751	4.3333335
10757	3.8979168
1076	3.8125
10760	3.0416665
10763	4.0208335
10766	3.25
10769	3.1333332
10772	1.0
10775	3.7785473
10778	4.203244
10781	4.2
10784	4.02381
10787	3.0
1079	2.75
10790	2.9
10793	2.0
10796	3.5
10799	2.9702382
10802	2.9607143
10805	2.5476189
10808	3.8821936
10811	3.25
10814	4.1625
10817	4.2916665
1082	2.7
10820	4.1438084
10823	3.3333335
10826	3.0
10829	2.2
10832	3.9696546
10835	3.2992928
10838	3.3333333
10841	4.0
10844	3.2964284
10847	3.8680556
1085	2.6666667
10850	4.0
10853	2.492235
10856	4.1666665
10859	3.8333333
10862	1.5
10865	4.0
10868	3.75
10871	3.172619
10874	4.5
10877	3.5652092
1088	3.1666667
10880	3.6516504
10883	4.133775
10886	2.868285
10889	3.4473636
10892	3.5777683
10895	3.4131944
10898	2.0
10901	2.0833335
10904	2.7083333
10907	2.375
1091	3.0
10910	3.7511656
10913	3.2
10916	3.75
10919	2.0
10922	3.7666667
10925	2.3221726
10928	3.3974867
10931	3.5
10934	4.0
10937	3.0
1094	3.5667999
10940	2.0833333
10943	3.75
10946	3.4050596
10949	4.5
10952	2.7833333
10955	3.7906783
10958	3.5
10961	3.9772365
10964	3.6377301
10967	3.1469698
1097	2.9583333
10970	4.1079173
10973	4.2
10976	2.6666667
10979	3.7151785
10982	4.161167
10985	2.0
10988	3.3267097
10991	3.3511364
10994	2.3958333
10997	3.4
11	3.5
110	3.2164433
1100	2.263597
11000	4.0
11003	4.25
11006	1.7777777
11009	3.0
11012	3.1200001
11015	4.5
11018	2.625
11021	2.5
11024	3.904762
11027	3.3333333
1103	3.7697215
11030	3.525364
11033	3.0
11036	2.5
11039	3.625
11042	3.4587674
11045	3.8791666
11048	3.8333333
11051	3.7594533
11054	2.8
11057	4.3
1106	2.0
11060	3.6296446
11063	2.0
11066	3.2777777
11069	3.722222
11072	4.020833
11075	4.033631
11078	3.75
11081	3.8055556
11084	3.940552
11087	3.3333333
1109	3.0
11090	3.6787038
11093	2.5833333
11096	2.6592953
11099	3.8096611
11102	2.1666667
11105	3.8333333
11108	3.7214284
11111	3.9444447
11114	3.7167368
11117	4.1333337
1112	4.0
11120	3.3333335
11123	2.9537463
11126	4.2980857
11129	4.375
11132	3.2946641
11135	3.3452382
11138	2.4166667
11141	3.7010496
11144	2.25
11147	2.4444444
1115	2.611111
11150	3.5
11153	4.083062
11156	2.4583333
11159	3.2
11162	3.5
11165	3.7352042
11168	4.020833
11171	2.963826
11174	3.1
11177	3.0
1118	3.55625
11180	3.530506
11183	3.6058958
11186	3.5569234
11189	3.0
11192	2.9819639
11195	2.2222223
11198	3.8031013
11201	1.25
11204	3.7708335
11207	2.5
1121	3.252381
11210	3.4688947
11213	3.093807
11216	4.0
11219	3.6400464
11222	3.9777675
11225	3.3320932
11228	3.9583333
11231	2.3055556
11234	3.8173862
11237	3.911905
1124	3.0833335
11240	3.5782313
11243	3.6666667
11246	2.3333335
11249	3.5416667
11252	4.0991073
11255	3.25
11258	2.375
11261	3.4354167
11264	3.1
11267	2.7833333
1127	1.4666667
11270	3.3333333
11273	3.25
11276	3.2750103
11279	3.745346
11282	3.0831437
11285	3.2467263
11288	1.4444443
11291	3.2
11294	2.75
11297	2.5
113	3.78125
1130	3.4180436
11300	2.0
11303	3.499339
11306	3.625
11309	2.7945914
11312	3.1666667
11315	3.7809067
11318	3.7916667
11321	3.0
11324	3.75
11327	3.0
1133	1.6666666
11330	3.25
11333	3.857143
11336	3.5833333
11339	2.25
11342	2.8
11345	2.0
11348	3.6770835
11351	3.0
11354	3.4437366
11357	2.0
1136	2.888889
11360	3.0
11363	3.7944446
11366	2.3659
11369	3.970833
11372	3.0502977
11375	2.8333333
11378	3.9565568
11381	1.3333334
11384	3.2218966
11387	1.0
1139	3.9958334
11390	3.9198413
11393	2.0
11396	3.4285715
11399	3.4815967
11402	4.0
11405	3.1044197
11408	2.5
11411	3.0333333
11414	3.5
11417	2.857143
1142	3.2801137
11420	3.0982144
11423	4.047619
11426	2.6968973
11429	3.0
11432	2.1
11435	3.64234
11438	2.1666667
11441	1.5
11444	2.6666667
11447	3.25
1145	3.177256
11450	3.8333333
11453	2.3
11456	4.237154
11459	4.2777777
11462	3.2340276
11465	3.75
11468	3.565549
11471	4.1666665
11474	2.0
11477	3.0714285
1148	3.8518758
11480	3.9854167
11483	4.142857
11486	3.3666666
11489	3.4222221
11492	2.3333333
11495	3.2466364
11498	3.0666666
11501	3.9285715
11504	3.0
11507	3.8910215
1151	2.8606682
11510	1.8666668
11513	2.5
11516	3.25
11519	2.75
11522	3.9340298
11525	3.817025
11528	2.9
11531	3.5430555
11534	1.6666666
11537	3.3682673
1154	3.3
11540	2.5
11543	3.0
11546	3.9722223
11549	3.5
11552	3.4933033
11555	2.055966
11558	4.0833335
11561	2.0
11564	3.8055556
11567	3.84375
1157	2.8666668
11570	2.142857
11573	4.176466
11576	3.2166665
11579	3.4444447
11582	3.5730522
11585	3.1931384
11588	3.6187499
11591	3.5714285
11594	3.4761906
11597	2.9153273
116	3.1875
1160	3.4409125
11600	3.4
11603	4.2222223
11606	3.375
11609	2.7142856
11612	3.5938017
11615	3.2261906
11618	3.8208332
11621	3.8690476
11624	3.4
11627	3.0555553
1163	3.4315095
11630	3.3844552
11633	3.1666667
11636	3.8
11639	3.160009
11642	3.2708333
11645	4.0
11648	3.2166035
11651	3.8287373
11654	2.8888888
11657	3.25
11660	4.088095
11663	3.5038798
11666	3.25
11669	3.3797765
11672	2.0
11675	1.0
11678	3.4130268
11681	3.1718006
11684	2.8
11687	2.4815192
1169	4.0
11690	2.7635598
11693	3.875
11696	3.5239089
11699	4.142857
11702	3.4756079
11705	3.8642857
11708	2.3809526
11711	2.0
11714	3.1291666
11717	3.193253
1172	2.7281747
11720	2.933252
11723	2.888889
11726	4.182743
11729	2.3333333
11732	3.4965765
11735	2.84375
11738	3.6666667
11741	3.2647665
11744	3.9761906
11747	3.6666667
1175	3.4260552
11750	3.260119
11753	3.5
11756	2.0
11759	3.0833333
11762	3.7
11765	2.6605263
11768	1.125
11771	3.0282373
11774	4.3333335
11777	3.3333333
1178	4.5
11780	4.0666666
11783	3.0
11786	3.84375
11789	3.580177
11792	3.25
11795	2.7666667
11798	2.4708333
11801	2.5
11804	3.5037901
11807	3.1
1181	3.25
11810	3.9204798
11813	2.2222223
11816	3.1666667
11819	2.970134
11822	3.3847258
11825	4.1616073
11828	3.5
11831	4.2
11834	4.3333335
11837	3.2856536
1184	3.375
11840	3.4156313
11843	3.997495
11846	3.4045992
11849	3.6404762
11852	3.1416664
11855	3.5800598
11858	3.8333333
11861	4.1
11864	3.452381
11867	3.75
1187	3.8125002
11870	3.8
11873	2.8333333
11876	2.6666667
11879	2.5
11882	3.998702
11885	3.0625
11888	3.7919965
11891	3.610424
11894	2.9047618
11897	2.9895835
119	3.5
1190	3.9
11900	2.9444447
11903	4.0065126
11906	3.70625
11909	3.4583867
11912	3.681651
11915	4.461111
11918	3.3931332
11921	3.1979167
11924	2.6666667
11927	3.75
1193	2.8896327
11930	3.6666667
11933	2.6666667
11939	3.107143
11942	3.6666667
11945	3.5
11948	2.0
11951	3.3333333
11954	3.5
11957	2.625
1196	4.0
11960	2.5961807
11963	3.7222223
11966	2.0
11969	3.3508914
11972	3.1979167
11975	4.124111
11978	3.0
11981	3.5
11984	1.0
11987	4.0139823
1199	1.75
11990	3.5
11993	3.5255103
11996	3.4
11999	3.1222267
12002	3.5516202
12005	3.0416665
12008	4.026647
12011	3.6817853
12014	3.158083
12017	3.5625
1202	3.7818723
12020	2.0
12023	3.6493053
12026	4.2066317
12029	2.4444444
12032	3.9498284
12035	4.19209
12038	3.5555556
12041	2.5
12044	3.1857638
12047	3.3735526
1205	1.0
12050	3.1
12053	1.5
12056	3.411845
12059	3.5
12062	4.0
12065	3.7347221
12068	2.125
12071	3.7164662
12074	4.079742
12077	3.3108532
1208	4.0621047
12080	4.25
12083	2.8086805
12086	3.3542163
12089	2.0
12092	2.8028138
12095	3.0555553
12098	3.0
12101	2.900992
12104	2.0
1211	2.6904762
12110	3.5940456
12113	3.0
12116	2.5
12119	2.0
12122	2.6666667
12125	4.2606134
12128	3.1116288
12131	3.375
12134	3.1041667
12137	3.5
1214	2.888889
12140	3.7204692
12143	2.3
12146	2.847727
12149	2.5078745
12152	2.857143
12155	3.9450893
12158	3.620863
12161	3.6970696
12164	2.75
12167	3.0
1217	3.4557824
12170	3.8
12173	3.632667
12176	3.25
12179	2.0
12182	3.738095
12185	3.6666667
12188	3.4387648
12191	3.0490654
12194	3.3373346
12197	2.3452382
122	2.9358892
1220	3.9984467
12200	4.083333
12203	3.625
12206	4.0756483
12209	3.0
12212	2.5
12215	3.2794325
12218	3.8218145
12221	3.7866666
12224	3.2729428
12227	2.5625
1223	3.05
12230	3.25
12233	4.5
12236	3.0555553
12239	4.0
12242	4.17872
12245	1.5
12248	2.9375
12251	3.0
12254	3.738095
12257	1.0
1226	3.6353836
12260	3.4544973
12263	3.2618284
12266	3.5833333
12269	2.5
12272	3.210764
12275	3.0169628
12278	3.440476
12281	1.75
12284	3.0
12287	4.3333335
1229	2.986607
12290	2.3466668
12293	4.499703
12296	4.5
12299	3.6397684
12302	5.0
12305	3.781427
12308	2.7
12311	3.5800881
12314	3.4
12317	3.7815256
1232	3.0
12320	3.5
12323	2.6666667
12326	3.3958333
12329	3.0295212
12332	3.9104168
12335	3.4794981
12338	4.208581
12341	4.0
12344	3.1190476
12347	2.979164
1235	2.6666667
12350	3.3333335
12353	2.75
12356	3.6875
12359	3.4501414
12362	1.5
12365	3.5910904
12368	3.9166667
12371	4.4030485
12374	3.5
12377	3.0
1238	3.2837799
12380	4.0
12383	3.5238097
12386	4.4
12389	3.1
12392	3.9473212
12395	4.0
12398	4.640625
12401	3.579667
12404	2.704762
12407	3.0833333
1241	2.875
12410	3.5
12413	3.3645833
12416	3.75
12419	2.3333333
12422	3.0
12425	3.860119
12428	2.5625
12431	3.5
12434	3.7083333
12437	2.6666667
1244	2.6388888
12440	3.8052342
12443	3.8705356
12446	3.357939
12449	2.0
12452	2.904762
12455	2.1666667
12458	3.3395832
12461	3.75
12464	3.125
12467	3.125
1247	2.5
12470	3.4043303
12473	3.9853654
12476	3.4425066
12479	3.125
12482	3.6409633
12485	3.1
12488	4.0208335
12491	3.0
12494	3.5134542
12497	3.421874
125	3.1618507
1250	3.353479
12500	3.6686535
12503	3.075706
12506	3.9047618
12509	3.433333
12512	3.4312994
12515	3.5321429
12518	3.0892859
12521	4.4333334
12524	3.8244047
12527	3.478355
1253	3.8666663
12530	4.4078646
12533	2.8958333
12536	3.3333333
12539	3.356062
12542	3.219301
12545	3.5836804
12548	3.25
12551	2.75
12554	2.2083333
12557	2.9527779
1256	4.3658237
12560	3.8477526
12563	3.7222223
12566	3.0
12569	3.35
12572	3.9166667
12575	2.5
12578	3.481603
12581	2.8333333
12584	3.7142856
12587	3.9330108
1259	3.6145833
12590	3.0
12593	3.7257528
12596	3.1028724
12599	4.3854165
12602	2.6666667
12605	4.0625267
12608	3.25
12611	3.4444447
12614	3.0
12617	3.952381
1262	3.1544147
12620	2.492361
12623	3.7887208
12626	3.3366196
12629	3.0
12632	2.0
12635	2.5
12638	3.0
12641	2.25
12644	2.5
12647	4.3333335
1265	2.25
12650	4.0
12653	3.625
12656	3.6666667
12659	2.2083333
12662	3.0196695
12665	2.75
12668	3.7642233
12671	3.9751039
12674	1.6666667
12677	3.4976287
1268	3.25
12680	2.5
12683	3.142857
12686	3.5
12689	3.8187006
12692	1.5
12695	2.3333333
12698	3.0
12701	3.0
12704	3.5817564
12707	2.625
1271	4.0
12710	3.5833333
12713	2.1
12716	4.0
12719	3.9238908
12722	4.1145835
12725	2.8333333
12728	2.5
12731	4.281285
12734	3.4801586
12737	2.875
1274	3.3824763
12740	2.0
12743	3.405136
12746	2.0
12749	2.7
12752	3.0
12755	4.9
12758	4.006929
12761	3.722222
12764	4.6
12767	3.1949284
1277	4.278001
12770	3.9014928
12773	3.3089437
12776	3.5
12779	3.8095238
12782	1.3333334
12785	3.8939686
12788	4.888889
12791	3.34375
12797	3.8333333
128	3.1666667
1280	3.4444447
12800	3.4756951
12803	3.995238
12806	3.0
12809	3.1666667
12812	4.008333
12815	3.4333336
12818	3.5672693
12821	1.888889
12824	3.677832
12827	5.0
1283	4.0
12830	2.7023811
12833	3.2270856
12836	2.5
12839	3.6382937
12842	3.878125
12845	3.8
12848	3.9523811
12851	3.4913194
12854	3.25
12857	3.4333336
1286	2.85
12860	3.157293
12863	3.8
12866	1.6666666
12869	3.8285112
12872	4.4729166
12875	3.7376773
12878	4.2333336
12881	3.4051757
12884	3.728276
12887	1.25
1289	2.751722
12890	3.5808616
12893	3.1666667
12896	3.5120296
12899	3.3333333
12902	3.19618
12905	4.3333335
12908	2.0
12911	3.637486
12914	4.1652775
12917	3.6666667
1292	3.2347808
12920	2.375
12923	1.25
12926	3.0257905
12929	3.75
12932	2.0
12935	3.4285715
12938	3.584226
12941	2.5
12944	3.4854164
1295	3.6871524
12950	2.8809526
12953	3.692758
12956	4.159365
12959	5.0
12962	3.8
12965	4.0833335
12968	3.0833333
12971	3.0277777
12974	3.7703702
12977	3.2604167
1298	3.1392972
12980	5.0
12983	3.357143
12986	3.6136832
12989	1.0
12992	2.8333333
12995	2.6
12998	3.0416667
13001	3.075992
13004	3.2392585
13007	3.8925283
1301	2.0
13010	3.3265512
13013	3.7449405
13016	4.1564627
13019	3.5
13022	2.6
13025	3.5214286
13028	3.5
13031	4.135551
13034	2.8
13037	5.0
1304	3.25
13040	1.75
13043	3.2479167
13046	3.573016
13049	1.9
13052	3.8571792
13055	3.5896826
13058	3.6615598
13061	3.4875
13064	5.0
13067	3.1854167
1307	3.312852
13070	2.0
13073	4.1654286
13076	3.4666667
13079	2.0
13082	3.9663105
13085	2.0
13088	3.8988097
13091	3.52151
13094	3.705794
13097	3.25
131	2.5238097
1310	2.8333333
13100	4.1114726
13103	3.565078
13106	3.5
13109	3.6666667
13112	3.0
13115	3.603141
13118	5.0
13121	3.0202382
13124	3.75
13127	4.0
1313	2.5333333
13130	3.5833335
13133	4.0
13136	3.5
13139	3.813782
13142	2.5
13145	3.0
13148	2.9
13151	2.5
13154	2.96875
13157	2.4583333
1316	3.6875
13160	3.1399999
13163	3.25
13166	3.309524
13169	3.125
13172	3.6770835
13175	3.65
13178	2.6666667
13181	3.25
13184	3.527345
13187	3.0522819
1319	3.21875
13190	3.9270833
13193	2.4986112
13196	2.3261907
13199	2.9464285
13202	3.0
13205	4.402953
13208	2.6
13211	3.0618517
13214	3.1883929
13217	3.5994277
1322	4.0
13220	2.75
13223	2.4285715
13226	2.3333333
13229	4.178571
13232	3.0303571
13235	2.275
13238	3.8333333
13241	2.75
13244	3.387703
13247	3.3
1325	3.0
13250	2.0
13253	3.8333335
13256	3.3333333
13259	2.6666667
13262	2.5
13265	3.0
13268	3.1799998
13271	2.9062502
13274	3.641793
13277	3.1333332
1328	2.625
13280	2.5800142
13283	2.9833333
13286	2.6
13289	3.5
13292	4.015178
13295	3.1666667
13298	3.3916419
13301	4.0546803
13304	3.5456533
13307	3.190476
1331	4.5
13310	3.0833335
13313	3.6817956
13316	2.5
13319	2.5984004
13322	2.35
13325	2.25
13328	3.4339743
13331	3.695238
13334	3.142857
13337	4.125
1334	3.0
13340	2.8809524
13343	3.190476
13346	3.75
13349	4.0833335
13352	3.0100694
13355	4.0
13358	2.16875
13361	3.4583333
13364	3.2585034
13367	2.75
13370	3.979798
13373	4.0
13376	3.0
13379	3.6317956
13382	3.1558518
13385	3.2
13388	3.7064357
13391	3.700492
13394	3.0
13397	2.0
134	2.0
1340	4.0
13400	4.15625
13403	4.0
13406	4.666667
13409	3.5058787
13412	3.8976924
13415	2.3333333
13418	3.3365188
13421	4.0
13424	3.0
13427	4.0
1343	2.0
13430	3.0333333
13433	3.3949811
13436	3.7166667
13439	3.8203566
13442	3.5833917
13445	2.4
13448	3.0167747
13451	3.682277
13454	3.0
13457	3.3738096
1346	3.902976
13460	2.9166667
13463	3.3041668
13466	2.9293513
13469	3.6083333
13472	2.96875
13475	2.9
13481	3.8244457
13484	3.2738097
13487	3.5
1349	3.6666667
13490	3.2576387
13493	3.9455142
13496	2.9645832
13499	4.2742424
13502	2.7124999
13505	3.4828868
13508	3.095238
13511	3.7524855
13514	4.6666665
13517	3.3183692
1352	4.027976
13520	5.0
13523	3.2262995
13526	3.5799882
13529	3.6095238
13532	3.0553977
13535	4.3624997
13538	3.0
13541	2.4166667
13544	2.6666667
13547	4.084011
1355	3.857143
13550	3.2083333
13553	3.5
13556	4.5022345
13559	3.4614449
13562	2.6111112
13565	3.1753154
13568	2.725
13571	3.0
13574	2.4523811
13577	3.0013256
1358	3.9583333
13580	3.819356
13583	4.3
13586	3.5155754
13589	2.1666667
13592	3.266667
13595	3.2154727
13598	2.4
13601	2.6666667
13604	3.2068453
13607	1.87762
1361	2.0
13610	2.8086936
13613	1.0
13616	3.1
13619	3.511905
13622	3.845134
13625	3.6292613
13628	3.7122378
13634	3.7096255
13637	2.3333333
1364	3.6160257
13640	2.9764142
13643	3.1454694
13646	4.2333336
13649	3.0
13652	2.5
13655	3.0357144
13658	4.0850997
13661	2.5
13664	1.861111
13667	4.25
1367	3.5972219
13673	4.366378
13676	4.1666665
13679	4.6666665
13682	4.0
13685	3.6799998
13688	3.79375
13691	3.5650568
13694	4.178571
13697	2.8333333
137	3.0
1370	3.8763897
13700	4.0
13703	3.875
13706	3.5
13709	3.4912968
13712	2.7402449
13715	3.4166665
13718	3.047619
13721	3.0770833
13724	2.0
13727	2.25
1373	3.693123
13730	3.0416667
13733	3.75
13736	3.347409
13739	3.7142856
13742	3.9708333
13745	3.0
13748	3.4950979
13751	3.1111114
13754	3.5223215
13757	3.1666667
1376	4.3333335
13760	3.777778
13763	3.7980947
13766	3.875
13769	2.25
13772	3.1703162
13775	3.1179924
13778	1.5
13781	3.1333332
13784	3.7475116
13787	3.5403535
1379	2.5
13790	2.9642856
13793	2.5
13796	3.1666665
13799	3.9166667
13802	4.0833335
13805	3.198864
13808	3.7693453
13811	3.5476189
13814	3.5619352
13817	2.5
1382	3.0
13820	4.025
13823	2.375
13826	3.2447917
13829	3.6806412
13832	2.7220237
13835	4.178346
13838	3.5208335
13841	3.4237552
13844	2.3333333
13847	4.0700026
1385	1.8333334
13850	2.5611112
13853	3.044051
13856	3.9924312
13859	2.8452382
13862	3.0
13865	3.5177643
13868	3.1
13871	3.081412
13874	4.152976
13877	4.6833334
1388	2.5
13880	3.5
13883	3.799157
13886	2.7463074
13889	4.277778
13892	3.18125
13895	4.314872
13898	3.642857
13901	2.75
13904	3.6042657
13907	2.875
1391	3.9285715
13910	2.5136054
13913	3.0
13916	3.6059577
13919	3.7
13922	3.3833332
13925	2.695139
13928	3.142857
13931	3.5
13934	3.5266533
13937	3.5555556
1394	2.8865652
13940	3.0
13943	2.0
13946	3.75
13949	3.5416667
13952	3.625
13955	3.3066256
13958	3.4889882
13961	2.625
13964	3.9577777
13967	3.1910713
1397	4.0
13970	2.2619047
13973	2.9086146
13976	2.75
13979	3.9274957
13982	4.0
13985	3.0
13988	1.875
13991	3.0
13994	3.0
13997	3.3333333
14	3.6666667
140	2.5
1400	2.8888886
14000	4.0
14003	3.2286298
14006	2.9190476
14009	2.8891685
14012	2.3333333
14015	2.3333333
14018	3.0
14021	3.7079184
14024	3.5
14027	3.290142
1403	2.1666667
14030	5.0
14033	3.0
14036	2.7619045
14039	3.795723
14042	3.3042445
14045	4.3333335
14048	3.7020833
14051	3.5
14054	3.111111
14057	3.6090279
1406	3.3880866
14060	2.905099
14063	3.2142856
14066	3.511905
14069	3.0166667
14072	3.661847
14075	3.48125
14078	2.875
14081	3.0
14084	1.5
14087	5.0
1409	4.32244
14090	2.0
14093	3.0
14096	3.8882737
14099	2.0
14105	2.93125
14108	2.5833333
14111	4.2140827
14114	3.9285715
14117	3.0
1412	3.3596323
14120	2.4
14123	1.0
14126	2.4373581
14129	3.888889
14132	2.8875
14135	3.114054
14138	3.4642856
14141	3.5761905
14144	3.642544
14147	3.5065963
1415	3.5
14150	3.754514
14153	2.0
14156	3.0
14159	1.888889
14162	3.1666667
14165	3.366766
14168	2.9166667
14171	3.8020833
14174	2.75
14177	3.3331754
1418	4.59375
14180	2.5714285
14183	3.8065476
14186	3.0800595
14189	3.1944447
14192	3.3227923
14195	4.208333
14198	4.0696917
14201	3.0
14204	2.3333333
14207	2.1666667
1421	3.2209551
14210	4.0253844
14213	2.2
14216	4.0421767
14219	3.6740537
14222	3.5958333
14225	3.7854438
14228	2.4
14231	3.75
14234	3.1190474
14237	3.0476189
1424	2.457143
14240	4.5497575
14243	3.3333333
14246	2.0
14249	4.0791664
14252	4.0
14255	3.75
14258	3.4823234
14261	4.0848217
14264	3.725696
14267	4.25
1427	3.125
14270	3.3333333
14273	4.5
14276	3.134375
14279	1.5
14282	3.0
14285	4.0
14288	3.642857
14291	4.0
14297	3.3309522
143	3.8445723
1430	2.0
14300	3.9027777
14303	3.7151845
14306	2.75
14309	3.3085034
14312	3.8226728
14315	3.447087
14318	3.4166667
14321	3.0
14324	2.2777777
14327	3.7037086
1433	3.0
14330	3.1892045
14333	1.5
14336	3.4270833
14339	3.6723216
14342	3.7196295
14345	2.25
14348	3.0
14351	3.603972
14354	1.6666666
14357	1.5
1436	2.0
14360	4.5
14363	3.9211931
14366	3.9895833
14369	3.0
14372	3.5684254
14375	2.28125
14378	1.0
14381	4.1840963
14384	3.387982
14387	3.2212834
1439	4.0
14390	3.5
14393	4.0287895
14396	2.75
14399	3.6666667
14402	3.031153
14405	1.5
14408	3.4664342
14411	3.3541667
14414	2.5
14417	3.1641865
1442	3.75
14420	1.0
14423	3.375
14426	4.0
14429	3.733333
14432	3.7401786
14435	3.20625
14438	2.625
14441	3.8104167
14444	2.7142856
14447	4.0
1445	5.0
14450	3.0714285
14453	3.1860795
14456	3.5882034
14459	3.5922182
14462	3.0
14465	3.761905
14468	4.342059
14471	3.1666667
14474	3.2916667
14477	3.4181314
1448	3.64
14480	3.4211254
14483	3.792716
14486	4.0
14489	1.0
14492	4.142857
14495	3.5666668
14498	2.5252976
14501	3.8103921
14504	3.5131273
14507	3.235516
1451	2.7222223
14510	2.9444444
14513	3.136436
14516	3.5833333
14519	3.8090298
14522	2.8
14525	3.955317
14528	2.8349214
14531	3.536808
14534	3.1877549
14537	4.642857
1454	1.6666666
14540	2.7285714
14543	4.5
14546	4.0
14549	3.7074404
14552	2.9860117
14555	2.0
14558	2.1666667
14561	3.277778
14564	3.610513
14567	4.5083337
1457	4.2
14570	3.8333335
14573	2.4166667
14576	3.1458943
14579	2.8761806
14582	3.21875
14585	2.5
14588	2.5
14591	3.5
14594	3.0
14597	1.0
146	2.7083333
1460	3.03125
14600	3.4547257
14603	3.604532
14606	3.0387905
14609	3.75
14612	3.25
14615	4.0
14618	3.5445814
14621	4.358516
14624	3.6250339
14627	3.0
1463	4.0
14633	3.0
14636	3.4583333
14639	2.6184523
14642	3.9337804
14645	3.75
14648	4.374822
14651	3.9977877
14654	3.2025197
14657	2.75
1466	3.7100224
14660	3.41455
14663	3.1513512
14666	3.441369
14669	4.0
14672	2.7
14675	3.0833333
14678	3.5666664
14681	3.4333336
14684	2.5
14687	3.0
1469	2.642857
14690	2.2708335
14693	2.6666667
14696	3.3333333
14699	2.5666666
14702	3.9078515
14705	3.75
14708	3.0
14711	2.6
14714	2.6666667
14717	3.0083332
1472	2.0
14720	4.3
14723	2.6975484
14726	3.6944447
14729	4.377651
14732	3.9828672
14735	3.5505953
14738	3.1746798
14741	3.78125
14744	2.9305553
14747	3.4461222
1475	2.75
14750	3.6916666
14753	3.0520833
14756	2.9090278
14759	3.4667456
14762	2.7142856
14765	2.0
14768	4.0
14771	3.7500272
14774	1.75
14777	3.90997
1478	1.0
14780	3.6947525
14783	1.0
14786	3.3724492
14789	3.9
14792	4.0
14795	2.6041172
14798	3.0
14801	3.9423792
14804	3.5917943
14807	4.09375
1481	3.13098
14810	3.8428571
14813	3.0833335
14816	3.4604168
14819	4.0
14822	3.573292
14825	3.9054744
14828	3.8992293
14831	3.1145833
14834	4.25
14837	3.125
1484	3.3125
14840	3.1291666
14843	4.302083
14846	3.3125
14849	2.3452382
14852	3.4606283
14855	3.6315408
14858	3.7453375
14861	3.402778
14864	2.5833333
14867	2.9166667
1487	3.5555556
14870	3.06398
14873	3.655363
14876	3.111111
14879	5.0
14882	3.1247892
14885	3.8
14888	2.5
14891	2.5
14894	3.101783
14897	3.8125
1490	3.375
14900	3.4666667
14903	4.125
14906	2.0
14909	3.5008898
14912	2.902778
14915	2.75
14918	3.4423635
14921	3.3020833
14924	4.1364584
14927	3.3187501
1493	3.25
14930	4.5
14933	3.5714285
14936	3.8213205
14939	3.25
14942	3.0562499
14945	2.0
14948	3.5625
14951	2.8875
14954	3.5119045
14957	2.125
1496	1.0
14960	3.4374132
14963	3.575941
14966	3.2239585
14969	3.6142857
14972	3.849107
14975	3.111111
14978	3.9303167
14981	3.6604166
14984	3.0
14987	2.5
1499	4.35
14990	4.0749006
14993	3.25
14996	2.5694444
14999	3.6043022
15002	2.0
15005	2.8
15008	2.5
15011	3.0666666
15014	4.2263856
15017	2.8333335
1502	3.0435088
15020	3.0
15023	4.0
15026	3.5520835
15029	3.3371258
15032	4.4444447
15035	4.192441
15038	1.8
15041	3.4166667
15044	1.9691964
15047	3.0
1505	2.6666667
15050	2.0
15053	2.9560785
15056	1.6666666
15059	1.0
15062	3.7876072
15065	3.7
15068	2.8502975
15071	3.2690973
15074	2.625
15077	3.0
1508	4.3333335
15080	3.6041667
15083	1.5
15086	3.8095238
15089	2.5
15092	3.0
15095	3.5
15098	3.5357144
15101	2.9007363
15104	4.895833
15107	3.910421
1511	2.8809526
15110	3.4109218
15113	3.25
15116	4.012135
15119	2.8333335
15122	3.3635416
15125	3.6192744
15128	2.7909722
15131	4.25
15134	3.171266
15137	3.6825473
1514	3.0683262
15140	2.6666667
15143	3.847222
15146	3.0238097
15149	1.0
15152	4.190476
15155	4.298188
15158	3.024039
15161	3.0
15164	4.2212534
15167	3.357143
1517	2.0
15170	3.0089645
15173	2.8333333
15176	3.0674603
15179	2.8333333
15182	3.1853771
15185	3.375
15188	2.375
15191	3.8333333
15194	2.3333333
15197	5.0
152	3.879544
1520	2.8333333
15200	3.2346342
15203	2.7142856
15206	4.2921395
15209	3.920734
15212	2.375
15215	4.1000004
15218	2.7190475
15221	2.956845
15224	2.7835777
15227	5.0
1523	3.1666667
15230	3.3333333
15233	3.2308872
15236	2.733333
15239	3.5375
15242	3.099107
15245	4.0416665
15248	2.5
15251	4.2
15254	3.5
15257	3.6794114
1526	3.3354166
15260	2.513145
15263	4.168254
15266	2.25
15269	3.7742858
15272	2.7505033
15275	2.0
15278	4.2777777
15281	3.1354167
15284	3.7599998
15287	3.75
1529	3.8333335
15290	2.9761903
15293	4.2
15296	4.5193086
15299	1.0
15302	2.25
15305	3.987897
15308	2.5
15311	4.0
15314	3.7
15317	3.6415713
1532	2.821416
15320	2.3333333
15323	1.7
15326	2.5333333
15329	3.3908215
15332	2.7857144
15335	3.8541665
15338	3.0
15341	4.0
15344	3.0
15347	3.8666668
1535	3.6000001
15350	2.8333333
15353	4.2
15356	3.5
15359	4.071429
15362	3.3645627
15365	3.376135
15368	2.0
15371	3.3333333
15374	3.6
15377	3.137875
1538	2.5
15380	2.5
15383	2.809524
15386	3.8333335
15389	3.6770835
15392	3.6979978
15395	3.5
15398	3.3055553
15401	4.107143
15404	3.488189
15407	1.888889
1541	2.2222223
15410	3.1942213
15413	1.5
15416	3.75
15419	3.738095
15422	3.498455
15425	3.7939656
15428	3.75
15431	3.5440927
15434	2.4465277
15437	4.4708543
1544	2.8333335
15440	3.760708
15443	3.0269358
15446	2.777778
15449	3.482608
15452	4.5
15455	3.5686677
15458	2.3333333
15461	3.6
15464	4.0017853
15467	3.0
1547	3.739148
15470	2.3333333
15473	3.2737815
15476	3.375
15479	3.25
15482	3.7804494
15485	3.4375
15488	3.0
15491	3.0260415
15494	2.5
15497	3.0091271
155	3.35
1550	3.2291667
15500	4.463501
15503	2.0
15506	2.98
15509	3.9922893
15512	2.0
15515	3.628125
15518	3.75
15521	2.0
15524	1.75
15527	2.472222
1553	4.000642
15530	3.7913463
15533	3.7016368
15536	2.75
15539	3.174107
15542	3.256698
15545	3.6228864
15548	2.9047618
15551	2.1666667
15554	3.8523808
15557	4.395084
1556	2.9107144
15560	2.0
15563	3.4130156
15566	3.15
15569	4.3146257
15572	4.0
15575	3.5619047
15578	3.5541427
15581	2.75
15584	3.5708332
1559	3.3541665
15590	3.5
15593	3.0
15596	3.25
15599	3.8333333
15602	3.0
15605	3.0
15608	3.25
15611	1.9166667
15614	1.8095237
15617	3.4166667
1562	2.5
15620	2.1
15623	3.6904762
15626	4.142857
15629	3.75
15632	3.5833333
15635	1.0
15638	3.0
15641	3.0
15644	3.6666667
15647	3.155151
1565	4.0
15650	1.8333334
15653	2.4285715
15656	2.0
15659	3.5
15662	4.004854
15668	3.1496596
15671	3.4173849
15674	3.44938
15677	3.373982
1568	2.875
15680	4.0
15683	3.9375
15686	3.3547618
15689	4.032214
15692	2.875
15695	2.9444444
15698	2.140625
15701	3.84375
15704	3.25
15707	2.4645832
1571	3.8109536
15710	3.817262
15713	2.3333333
15716	3.798124
15719	4.0
15722	3.6854165
15725	2.0
15728	1.0
15731	3.6666667
15734	3.4
15737	3.4642856
1574	1.6666666
15740	2.5
15743	2.984375
15746	4.2738094
15749	3.0291667
15752	2.575
15755	3.90847
15758	4.077682
15761	1.875
15764	2.9296045
15767	3.5
1577	4.0
15770	4.5
15773	4.0327897
15776	2.8
15779	2.7333333
15782	3.0
15785	3.361111
15788	3.4585233
15791	2.6651785
15794	3.625
15797	2.5654762
158	1.9166667
1580	3.2232144
15800	3.5900009
15803	3.0781527
15806	2.8333333
15809	4.0
15812	3.6979167
15815	3.2871246
15818	3.7438908
15821	4.2761903
15824	3.55
15827	3.3958335
1583	3.3333333
15830	3.6912246
15833	2.5238094
15836	4.199519
15839	2.6666667
15842	3.0
15845	3.3333335
15848	3.8439982
15851	3.0
15854	2.25
15857	4.03125
1586	2.5119045
15860	3.2
15863	2.5
15866	2.6666667
15869	3.392857
15872	3.6189482
15875	3.4591067
15878	4.0
15881	3.988095
15884	2.6666667
15887	3.2643337
1589	3.7193182
15890	3.6285172
15893	3.4483702
15896	3.5
15899	3.3333333
15902	4.006005
15905	3.1875
15908	3.024567
15911	4.1949406
15914	2.0833333
15917	4.045751
1592	2.7916667
15920	2.6666667
15923	4.0
15926	2.625
15929	3.1265872
15932	3.3458333
15935	2.7
15938	3.857143
15941	3.3333333
15944	1.9166666
15947	4.386298
1595	4.0022407
15950	2.0
15953	3.4950967
15956	3.5058534
15959	2.75
15962	2.9753337
15965	3.925
15968	3.2742467
15971	2.0
15974	3.8590102
15977	3.75
1598	2.9097223
15980	2.1145833
15983	3.8
15986	2.3333333
15989	3.4205356
15992	3.3333335
15995	3.0
15998	2.9333334
16001	2.8333333
16004	5.0
16007	4.0
1601	4.0
16010	2.3333333
16013	4.0
16016	3.189048
16019	1.5
16022	4.2289305
16025	2.9763656
16028	3.0
16031	2.7142856
16034	3.714286
16037	3.4091597
1604	4.00124
16040	2.5669641
16043	3.0
16046	3.4119658
16049	2.857143
16052	3.823369
16055	2.4
16058	2.472222
16061	2.6666667
16064	3.25
16067	2.0
1607	3.1507192
16070	3.0333333
16073	3.6666667
16079	1.5
16082	3.563674
16085	3.8125
16088	2.9166667
16091	4.0
16094	2.9030087
16097	3.0
161	3.4583333
1610	3.7787747
16100	3.8287246
16103	4.0396824
16106	4.084226
16109	3.0
16112	2.8125
16115	3.8333333
16118	3.0975745
16121	2.6041665
16124	4.5
16127	2.8809526
1613	2.9958334
16130	3.625
16133	3.9239583
16136	3.6944444
16139	3.6059134
16142	3.5
16145	4.0
16148	3.2291667
16151	2.7857144
16154	3.75
16157	2.5
1616	4.0625
16160	2.125
16163	3.8145833
16166	2.357143
16169	3.1231775
16172	3.937649
16175	3.7072914
16178	3.131399
16181	3.3196697
16184	2.625
16187	2.5238094
1619	3.6145833
16190	2.2
16193	2.5445666
16196	3.0
16199	3.3694434
16202	2.75
16205	3.868601
16208	3.4375
16211	2.7
16214	3.5
16217	3.2
1622	3.2
16220	3.7023048
16223	4.0580487
16226	3.4
16229	3.53125
16232	3.0029306
16235	2.2884784
16238	3.5
16241	3.7722342
16244	3.4
16247	3.0
1625	4.1547723
16250	2.7
16253	3.7357144
16256	2.0
16259	3.3981988
16262	3.4782412
16265	4.512444
16268	2.7857144
16271	3.9166667
16274	3.8666663
16277	1.625
1628	3.5666668
16280	3.5479164
16283	2.467361
16286	3.6189785
16289	2.75
16292	4.007887
16295	3.3
16298	2.7511168
16301	2.0
16304	3.0
16307	3.3489382
1631	3.9625
16310	4.3333335
16313	4.1822944
16316	3.5
16319	3.0666666
16322	3.6666667
16325	3.5622904
16328	2.8055553
16331	2.6
16334	3.4
16337	3.0862746
1634	3.75
16340	3.235516
16343	3.3820834
16346	3.75
16349	4.2053814
16352	2.5476189
16355	3.361111
16358	2.3
16361	3.6887083
16364	3.25
16367	2.6666667
1637	3.5988758
16370	3.3333333
16373	3.3333333
16376	3.7296627
16379	2.248363
16382	3.8202653
16385	4.0
16388	2.8586805
16391	2.357143
16394	4.2882614
16397	4.1188083
164	2.5857143
16400	4.071875
16403	3.0
16406	3.5553212
16409	3.625
16412	3.5998878
16415	3.7684548
16418	3.4994144
16421	3.6666667
16424	2.3333335
16427	4.0555553
1643	3.0
16430	2.0
16436	3.8020833
16439	3.8537838
16442	1.8
16445	2.8940716
16448	3.5375
16451	2.4
16454	3.25
16457	3.2083333
1646	3.6266048
16460	3.6131954
16463	3.7517753
16466	2.75
16469	3.4075878
16472	3.8875
16475	3.8125
16478	2.625
16481	2.8333333
16484	2.8333333
16487	1.2
1649	3.25
16490	3.8809524
16493	3.888889
16496	3.0
16499	3.8372483
16502	2.7081847
16505	3.6
16508	3.3333333
16511	4.1
16514	3.0333333
16517	2.9359128
1652	4.1200085
16520	3.4444444
16523	3.1318183
16526	2.9444447
16529	2.0333333
16532	3.724953
16535	3.2516537
16538	3.41243
16541	2.7833335
16544	3.3335812
16547	3.571997
1655	3.3523633
16550	3.2202969
16553	3.25
16556	2.3333333
16559	4.142857
16562	2.3508928
16565	3.4368246
16568	2.0
16571	3.335516
16574	1.0
16577	2.0
1658	3.6047618
16580	3.9714868
16583	3.8333333
16586	3.6354165
16589	3.0008929
16592	4.0
16595	2.3333333
16598	2.25
16601	2.8830492
16604	3.9609644
16607	3.6071708
1661	3.5524402
16610	2.3333333
16613	2.5
16616	3.2926388
16619	3.361111
16622	3.4871154
16625	3.2
16628	3.8459327
16631	4.3333335
16634	4.006181
16637	2.930303
1664	3.8620846
16640	2.9760556
16643	3.416572
16646	2.0
16649	3.5987449
16652	1.1666666
16655	2.875
16658	3.43125
16661	2.6
16664	4.061905
16667	2.6000001
1667	3.2023811
16670	3.4955356
16673	4.0
16676	3.1117423
16679	2.0
16682	2.3333333
16685	3.4444447
16691	3.9333332
16694	4.048512
16697	1.6666666
167	4.1479816
1670	3.375
16700	4.140367
16703	3.6172767
16706	3.0
16709	3.4879863
16712	2.375
16715	3.3333333
16718	3.3560605
16721	3.807309
16724	3.8129728
16727	3.672619
1673	3.5029402
16730	2.7291667
16733	3.529655
16736	2.9557822
16739	1.75
16742	2.8769002
16745	4.2547045
16748	2.5
16751	2.7319078
16754	3.7383928
16757	3.7
1676	3.1111114
16760	3.347199
16763	3.8214285
16766	4.1666665
16769	2.5
16772	3.925397
16775	2.8756447
16778	2.495238
16781	2.6666667
16784	3.859404
16787	3.5
1679	3.9479167
16790	3.361932
16793	3.931801
16796	3.7802308
16799	4.0
16802	3.35
16805	2.75
16808	3.2291665
16811	2.2142856
16814	3.25
16817	4.0
1682	3.7488148
16820	4.75
16823	3.5
16826	3.6
16829	2.7708335
16832	2.8397322
16835	3.7455356
16838	3.8333333
16841	3.9979167
16844	2.7012985
16847	3.9198985
1685	2.25
16850	4.0
16853	3.625
16856	3.2628722
16859	3.2055848
16862	3.5020156
16865	2.992361
16868	3.75
16871	3.4998398
16874	4.4583335
16877	2.65
1688	2.5
16880	2.75
16883	3.5329742
16886	4.5625
16889	3.5390992
16892	3.6666667
16895	4.261607
16898	3.0
16901	3.2461836
16904	3.3333333
16907	3.840873
1691	3.5714285
16910	1.6666666
16913	3.7407491
16916	3.6666667
16919	3.3333333
16922	3.5188682
16925	2.125
16928	3.5
16931	3.5406244
16934	3.125
16937	4.350106
1694	3.654762
16940	3.5833333
16943	3.1958334
16946	3.8659778
16949	3.2291667
16952	3.3965926
16955	3.25
16958	4.0833335
16961	3.809524
16964	1.75
16967	3.368273
1697	3.8333335
16970	2.923145
16973	3.75
16976	4.0
16979	3.190476
16982	3.5708334
16985	1.0
16988	3.3333333
16991	3.4050214
16994	4.0604
16997	3.3446481
17	3.0029292
170	3.6666667
1700	3.5538144
17000	2.6666667
17003	4.074342
17006	3.0
17009	3.1155305
17012	4.3
17015	2.6041667
17018	3.75
17021	3.3333333
17024	3.6
17027	3.024487
1703	3.8772707
17030	2.0833333
17033	3.625
17036	4.1042128
17039	3.2857144
17042	3.25
17045	2.6666667
17048	3.65625
17051	3.5
17054	2.760417
17057	3.6436887
1706	3.3333333
17060	2.6666667
17063	3.0625
17066	3.685119
17069	2.5714285
17072	3.952381
17075	3.2454813
17078	3.5
17081	3.6304226
17084	4.5
17087	3.8809524
1709	3.6711755
17090	4.375
17093	3.4761908
17096	3.6385417
17099	4.0
17102	2.0
17105	2.375
17108	2.0
17111	3.5862753
17114	1.5
17117	3.7562988
1712	2.75
17120	2.6666667
17123	3.7380955
17126	3.5
17129	3.63565
17132	4.0
17135	3.0138836
17138	2.0
17141	2.6
17144	3.625
17147	3.2688477
1715	2.75
17150	3.5
17153	2.6697917
17156	2.875
17159	5.0
17162	3.3333333
17165	4.213058
17168	3.0208333
17171	3.3058276
17174	3.8961172
17177	4.2819448
1718	3.25
17180	3.2884347
17183	2.25
17186	1.0
17189	3.8445601
17192	3.0222223
17195	3.568279
17198	3.6187496
17201	2.625
17204	2.3200002
17207	3.5705893
1721	2.905271
17210	4.321429
17213	4.0
17216	3.2532234
17219	4.5704103
17222	3.3333333
17225	4.1547074
17228	2.5
17231	4.0
17234	4.166667
17237	2.6666667
1724	3.0833333
17240	4.0
17243	3.1433883
17246	3.6666667
17249	3.5684254
17252	3.625
17255	3.0
17258	4.125
17261	3.5215232
17264	3.3931088
17267	2.75
1727	2.6083333
17270	3.0512018
17273	2.685268
17276	3.4375
17279	3.7833335
17282	2.9666667
17285	3.2857144
17288	2.5
17291	3.6333337
17294	2.5562499
17297	2.0
173	3.7013888
1730	4.061905
17300	1.125
17303	2.800686
17306	2.4285715
17309	4.1498513
17312	3.0862982
17315	3.0833333
17318	2.4666667
17321	3.8804777
17324	3.9128041
17327	2.0
1733	3.6541667
17330	3.4231308
17336	3.0
17339	4.121132
17342	3.9729166
17345	3.5714285
17348	4.0785713
17351	2.5666666
17354	3.25
17357	3.4624848
1736	3.3333333
17360	3.75
17363	3.4
17366	3.0
17369	2.5555556
17372	2.6875
17375	3.4333332
17378	4.134722
17381	3.9236958
17384	4.4
17387	3.382495
1739	3.6536705
17390	4.0
17393	2.7079725
17396	3.1562138
17399	3.25
17402	3.9268064
17405	3.5253901
17408	3.5
17411	3.7124631
17414	3.2738097
17417	2.126042
1742	4.0
17420	3.5171132
17423	3.6222575
17426	3.7707548
17429	2.0
17432	3.6666667
17435	3.7932925
17438	3.497619
17441	3.6737595
17444	2.3333333
17447	3.3958333
1745	2.5
17450	3.1104167
17453	2.4005954
17456	3.7
17459	3.8928573
17462	2.0
17465	2.8055553
17468	3.6520889
17471	3.25
17474	4.0889645
17477	2.75
1748	2.8125
17480	4.3372006
17483	3.1666667
17486	2.4084327
17489	3.3333333
17492	3.524355
17495	2.996875
17498	2.8163977
17501	2.75
17504	3.75
17507	1.5
1751	3.222222
17510	1.6
17513	3.5278823
17516	5.0
17522	3.4114583
17525	3.6363184
17528	2.5119047
17531	3.0833333
17537	3.4352627
1754	3.9828167
17540	3.7915673
17543	4.216369
17546	3.8267274
17549	3.4406874
17552	3.1387897
17555	3.4920652
17558	3.4163291
17561	3.1806188
17564	3.375
17567	2.5
1757	3.2455792
17570	3.8591201
17573	3.3446784
17576	2.3
17582	3.3333335
17585	3.642857
17588	2.3
17591	4.059685
17594	4.281845
17597	3.5758839
176	2.9333334
1760	3.009375
17600	3.3312926
17603	3.214746
17606	1.0
17609	1.4444445
17612	4.2507577
17615	2.375
17618	3.4
17621	3.449613
17624	3.7295966
17627	4.105566
1763	1.75
17630	1.3
17633	3.3931653
17636	1.7714285
17639	1.6666666
17642	3.927629
17645	3.623512
17648	3.3071427
17651	2.0
17654	3.1599703
17657	3.6666667
1766	3.8474703
17660	1.0
17663	3.15
17666	3.1166666
17669	3.0
17672	3.7382514
17675	3.7021825
17678	3.1666667
17681	3.799189
17684	4.25
17687	4.310633
1769	2.8854165
17690	2.5
17693	2.8239217
17696	2.9166667
17699	3.736111
17702	2.5659723
17705	2.25
17708	3.2197917
17711	3.4208333
17714	3.8298821
17717	3.0
1772	3.0
17720	3.0
17723	3.5966256
17726	2.8511903
17729	1.8333333
17732	3.7857144
17735	2.75
17738	3.1904762
17741	3.5410714
17744	3.5
17747	3.75
1775	3.49375
17753	2.5
17756	3.7381728
17759	3.9166667
17762	3.6871152
17765	2.0714285
17768	2.5687077
1778	3.4931548
1781	3.34375
1784	4.357143
1787	3.4166667
179	2.142857
1790	3.9041507
1793	4.722222
1796	3.4166667
1799	3.6226087
1802	3.3919642
1805	3.0
1808	3.5
1811	3.0
1814	3.321711
1817	3.1669643
182	2.875
1823	3.5
1826	2.9
1829	2.5
1832	3.6365657
1835	3.0
1838	3.8261905
1841	3.25
1844	3.4841661
1847	2.3333333
185	2.8209324
1850	2.5
1853	3.5143783
1856	4.2619047
1859	3.6666667
1862	3.052981
1865	3.6724722
1868	1.0
1871	4.3333335
1874	3.4761903
1877	3.9207065
188	2.7596612
1880	4.25
1883	2.5
1886	2.625
1889	2.9761903
1892	3.5357144
1895	2.1666667
1898	2.75
1901	3.6458802
1904	3.6666667
1907	4.0
191	3.9470508
1910	2.3333333
1913	3.375771
1916	3.0
1919	3.0
1922	2.68966
1925	3.42845
1928	2.5
1931	3.648972
1934	2.9761903
1937	1.8095237
194	2.707143
1940	3.8
1943	3.1388886
1946	3.75
1949	2.4
1952	2.5
1955	3.1637979
1958	2.1666667
1961	3.6666667
1964	2.25
1967	3.5895834
197	3.5113654
1970	2.8888886
1973	3.78125
1976	3.3403325
1979	4.0
1982	2.6666667
1985	3.8333333
1988	3.5875
1991	2.2291667
1994	3.9869003
1997	4.1
2	4.3333335
20	5.0
200	3.3333333
2000	3.6574512
2003	3.375
2006	2.5836313
2009	3.391658
2012	3.3376145
2015	3.828254
2018	3.8958333
2021	3.0
2024	3.92
203	5.0
2030	4.5
2033	3.2337751
2039	3.6333332
2042	3.2
2045	3.743159
2048	4.0277777
2051	3.5898855
2054	3.625
2057	4.3940163
206	3.8
2060	2.3
2063	3.3854165
2066	3.7
2069	3.6294641
2072	3.0348196
2075	2.875
2078	3.1229413
2081	3.3999999
2084	2.5
2087	3.0
209	4.1906004
2090	3.0
2093	2.7582417
2096	2.4479165
2099	3.3095238
2102	4.455449
2105	4.8333335
2108	4.1270833
2111	4.004464
2114	4.3823137
2117	5.0
212	3.19375
2120	3.4779763
2123	2.5833333
2126	3.8333333
2129	4.2330627
2132	3.3443182
2135	3.5820036
2138	4.0
2141	3.2142856
2144	3.9381945
2147	3.625
215	4.043051
2150	3.1179066
2153	3.314129
2156	2.309524
2159	3.0
2162	4.3812065
2165	3.233333
2168	4.126488
2171	3.795965
2174	3.5560014
2177	3.3569338
218	2.625
2180	3.1276786
2183	4.0
2186	3.7065668
2189	3.3415654
2192	3.7746189
2195	4.172658
2198	2.75
2201	2.0
2204	2.8333333
2207	4.0
221	3.6666667
2210	2.625
2213	3.2857144
2216	3.0520718
2219	3.6666667
2222	3.1333334
2225	3.142857
2228	4.0315356
2231	2.6666667
2234	3.4
2237	4.0
224	3.4249997
2240	2.738095
2243	3.076389
2246	3.3238094
2249	4.5
2252	3.681037
2255	3.0
2258	3.0
2261	2.5
2264	4.071429
2267	2.75
227	3.8979168
2270	3.5
2273	4.3333335
2276	1.9873106
2279	3.4770832
2282	2.65
2285	3.3166668
2288	4.1848707
2291	2.0
2294	3.5
2297	3.5666668
23	3.0714285
230	3.6666667
2300	4.1660714
2303	2.5
2306	2.90625
2309	2.0
2312	3.904762
2315	3.6190474
2318	3.0
2321	4.2
2324	2.9931972
2327	2.6666667
233	2.611111
2333	2.6874998
2336	3.0
2339	3.478125
2342	3.866631
2345	3.6666667
2348	3.6320198
2351	3.5555556
2354	1.0
2357	4.25
236	2.75
2360	4.047001
2363	3.5
2366	3.1466587
2369	3.875
2372	3.8945522
2375	3.528838
2378	4.285714
2381	3.75
2384	3.705357
2387	3.5
239	3.6563444
2390	3.3541667
2393	4.75
2396	2.0
2399	4.0
2402	2.0
2405	4.3110123
2408	3.874364
2411	3.0961025
2414	3.0785713
2417	3.0
242	3.7248511
2420	3.1956847
2423	3.095714
2426	1.0
2429	3.4583333
2432	2.5867348
2435	2.829605
2438	2.6
2441	4.137408
2444	2.3333333
2447	3.142857
245	3.6666667
2450	4.0
2453	2.75
2456	3.9979181
2459	3.0833333
2462	3.7071674
2465	3.860884
2468	3.8333335
2471	4.019927
2474	2.9
2477	2.3888888
248	3.793164
2480	3.78
2483	1.8888888
2486	3.7708333
2489	3.0
2492	3.5
2495	2.9859931
2498	3.724752
2501	2.75
2504	3.0
2507	2.75
251	3.8020835
2510	2.775
2513	3.797917
2516	4.0
2519	3.5135095
2522	4.4666667
2525	3.7854023
2528	3.2326272
2531	2.8333333
2534	2.0
254	2.8
2540	2.875
2543	2.0
2546	2.3714287
2549	4.0
2552	2.7500002
2555	2.5
2558	3.0138743
2561	3.2098215
2564	3.6666667
2567	3.1190476
257	3.902218
2570	4.1666665
2573	3.3333333
2576	2.3333333
2579	2.5416667
2582	2.8
2585	3.9601364
2588	2.0
2591	5.0
2594	3.148665
2597	2.9861114
26	2.8946848
260	2.1666667
2600	3.0
2603	3.7667732
2606	3.6
2609	4.0
2612	3.412461
2615	3.1666665
2618	4.5
2621	2.7083333
2624	3.0
2627	3.75
263	4.02381
2630	3.5333335
2633	2.4857142
2639	4.5
2642	3.1388886
2645	2.15
2648	3.0
2651	3.4082341
2654	3.7198863
2657	2.8
266	2.0
2660	4.007881
2663	2.6802082
2666	4.0
2669	3.4166667
2672	2.5555556
2675	2.529871
2678	2.777778
2681	1.5
2684	2.7529764
2687	3.629861
269	3.7424128
2690	3.7681134
2693	2.4506943
2696	3.0
2699	3.4050286
2702	2.0
2705	3.1856256
2708	3.0249999
2711	3.4294872
2714	2.0
2717	2.75
272	2.0
2720	3.0
2723	4.4166665
2726	3.5
2729	2.6666667
2732	3.4390297
2735	3.8692884
2738	3.0136752
2741	3.4
2744	2.0
2747	2.6875
275	3.667533
2750	3.1944444
2753	3.5625
2756	3.9852679
2759	3.0
2762	2.76895
2765	2.6
2768	3.7395833
2771	3.5690267
2774	2.9
2777	2.6
278	5.0
2780	3.6310174
2783	3.4119263
2786	3.5
2789	3.5071428
2792	2.0
2795	4.1248264
2798	3.0495267
2801	2.532738
2804	3.4012966
2807	3.0
281	3.59375
2810	3.5
2813	3.4886436
2816	3.5833333
2819	3.3333333
2822	2.9333334
2825	3.8555555
2828	2.9179564
2831	3.7800882
2834	2.9169643
2837	4.0
2840	2.9
2843	1.9260417
2846	1.6666666
2849	3.8476193
2852	3.8934028
2855	2.9333334
2858	3.4375
2861	4.369738
2864	2.6
2867	3.0
287	3.642857
2870	3.1755953
2873	3.7405958
2876	3.2584755
2882	3.2709546
2885	2.4583335
2888	2.9047618
2891	3.1175597
2894	4.5
2897	3.1041062
29	3.6333334
290	3.5775359
2900	3.7048867
2903	3.21875
2906	3.5
2909	2.75
2912	3.7360654
2915	3.25
2918	2.75
2921	3.4073656
2924	2.4
2927	4.2230926
293	4.0
2930	4.1666665
2933	2.9333334
2936	2.0
2939	3.185615
2942	4.3595295
2945	3.1304495
2948	1.0
2951	2.7142856
2954	3.613958
2957	3.3333333
296	3.0
2960	2.7339818
2963	3.25
2966	2.6666667
2969	3.0
2972	2.2005773
2975	2.375
2978	3.0
2981	3.783239
2984	4.0833335
2987	4.0
299	3.708914
2990	3.5
2993	3.0
2996	2.5
2999	1.6666666
3002	3.4166667
3005	4.308036
3008	4.0
3011	2.5364585
3014	1.9
3017	3.7492807
302	2.8380952
3020	4.164583
3023	4.137802
3026	3.352381
3029	2.4988096
3032	3.5
3035	3.1762009
3038	2.7857144
3041	1.75
3044	3.75
3047	3.411718
305	3.667387
3050	2.6666667
3053	3.3333333
3056	2.125
3059	2.7
3062	3.5916667
3065	3.0416665
3068	3.4722223
3071	3.6028574
3074	4.0
3077	2.9695933
308	3.6
3080	2.9
3083	3.25
3086	3.001628
3089	3.5
3092	2.4166667
3095	3.498436
3098	3.2562525
3101	3.1666667
3104	2.472222
3107	3.4752977
311	3.592813
3110	2.5
3113	3.2210894
3116	3.45
3119	3.959524
3122	3.083631
3125	3.857143
3128	3.6185033
3131	5.0
3134	3.1595237
3137	2.5
314	3.4666665
3140	2.0
3143	2.96875
3146	2.6875
3149	3.357143
3152	3.2309525
3155	2.7875
3158	2.6
3161	3.0384839
3164	3.8333333
3167	5.0
317	3.25
3170	4.1291885
3173	2.5
3176	3.1694443
3179	3.0
3182	3.3723083
3185	2.2142856
3188	3.4791665
3191	4.5
3194	2.8
3197	3.1829348
32	4.23378
320	2.5
3200	3.2261906
3203	2.75
3206	3.5
3209	3.3333335
3212	3.8028767
3215	2.3595238
3218	3.1666667
3221	3.7653768
3224	3.6345112
3227	3.1927083
323	2.6190474
3230	2.5
3233	3.9
3236	2.8142858
3239	4.1295347
3242	3.2285037
3245	3.5714285
3248	3.3857143
3251	1.3333334
3254	3.0347629
3257	2.0
326	3.8
3260	3.0
3263	3.9375
3266	3.600893
3269	3.9761434
3272	3.4013393
3275	2.8482664
3278	3.3958335
3281	4.0
3284	2.5
3287	3.3095238
329	3.5810714
3290	4.391161
3293	2.9166667
3296	2.0
3299	3.0416667
3302	3.0
3305	3.6812499
3308	2.0
3311	2.25
3314	3.06544
3317	2.90625
332	1.875
3320	3.5867376
3323	3.7104166
3326	3.1517735
3329	3.6666665
3332	2.1366072
3335	2.782197
3338	4.3
3341	2.5
3344	3.0
3347	3.2212033
335	3.3333333
3350	3.0156133
3353	2.0
3356	3.125
3359	3.0
3362	4.6666665
3365	3.1111114
3368	3.5136688
3371	3.9511743
3374	3.6152778
3377	5.0
338	3.4526784
3380	2.4166667
3383	3.5
3386	2.85
3389	3.9285715
3392	3.25
3395	1.0
3398	3.5905545
3401	3.2857144
3404	3.5225694
3407	2.6666667
341	2.9345238
3410	3.5821972
3413	3.2708333
3416	2.602688
3419	3.7873015
3422	3.0596573
3425	4.1238093
3428	3.6666667
3431	3.75
3434	3.3013363
3437	3.7103631
344	3.4660463
3440	2.0
3443	2.5416667
3446	4.151511
3449	2.8812501
3452	3.0
3455	3.0815475
3458	3.4285715
3461	3.4194443
3464	2.4791665
3467	1.8333333
347	2.3333333
3470	3.4285717
3473	2.6666667
3476	3.2222223
3479	2.5
3482	4.02381
3485	2.8333335
3488	1.25
3491	3.324003
3494	3.0555553
3497	3.25
35	2.7083333
350	3.8854167
3500	3.6297147
3503	3.8
3506	3.0478182
3509	4.0101733
3512	3.5833333
3515	3.1786385
3518	4.3333335
3521	3.9631925
3524	3.7580357
3527	3.3055553
353	3.273125
3530	3.5333335
3533	3.4904764
3536	2.4083333
3539	3.8
3542	3.828474
3545	2.595238
3548	2.0
3551	3.7784219
3554	4.8
3557	2.6425505
356	2.9784722
3560	3.1
3563	2.8401434
3566	1.4
3569	3.952381
3572	3.75
3575	1.0
3581	3.1027126
3584	2.7
3587	3.3028274
359	4.1572733
3590	3.6626174
3593	4.1745334
3596	3.3354168
3599	3.4780915
3602	3.0
3605	4.195344
3608	4.1228356
3611	3.2600722
3614	3.4
3617	3.1905847
362	2.461196
3620	3.0
3623	3.588765
3626	3.515573
3629	2.75
3632	1.7
3635	4.0
3638	3.558547
3641	2.0142858
3644	1.0
3647	3.1666667
365	4.444444
3650	3.8280945
3653	3.3333333
3656	3.5
3659	3.5777779
3662	4.119593
3665	2.1666665
3668	4.214411
3671	3.8333333
3674	3.7
3677	3.5714285
368	3.3683712
3680	3.5228016
3683	2.0
3686	3.3482637
3689	3.4898949
3692	2.75
3695	2.5
3698	2.25
3701	3.470595
3704	3.4166667
3707	2.7142856
371	4.076894
3710	3.2821634
3713	3.6196985
3716	3.7014883
3719	3.3190477
3722	1.0
3725	3.5111604
3728	3.5403843
3731	3.1666667
3734	3.1739583
3737	2.7833333
374	2.111111
3740	3.7082062
3743	3.1317005
3746	3.825
3749	2.919643
3752	3.5833333
3755	2.9444444
3758	2.7329912
3761	2.25
3764	2.5
3767	3.402778
377	2.0
3770	3.0
3773	3.6609848
3776	4.0
3779	3.1333334
3782	3.389672
3785	4.0
3788	2.5
3791	2.6547618
3794	4.260714
3797	3.95
38	2.2333333
380	3.1666665
3800	3.125
3803	3.7738094
3806	3.0
3809	2.5586805
3812	3.8378968
3815	3.3833334
3818	2.0
3821	2.9444447
3824	3.4553862
3827	3.277778
383	2.75
3830	2.996047
3833	3.7997022
3836	3.0
3839	2.5833333
3842	3.0166667
3845	1.5
3848	2.0
3851	4.404762
3854	4.0267363
3857	3.0
386	2.5705357
3860	3.4358504
3863	2.859089
3866	3.6666667
3869	3.75
3872	4.2916665
3875	3.991219
3878	1.5
3881	3.0927083
3884	2.0
3887	3.6194243
389	3.09375
3890	2.9858387
3893	3.490279
3896	3.3377976
3899	3.4285712
3902	4.0
3905	3.6428473
3908	2.0
3911	2.9035714
3914	3.8229167
3917	3.7155066
392	5.0
3920	3.0862327
3923	3.0425446
3926	2.4944725
3929	2.0
3932	3.45124
3935	3.4567268
3938	4.1529765
3941	2.8333333
3944	2.982639
3947	2.0
395	4.0489583
3950	3.952381
3953	5.0
3956	4.0
3959	3.2444446
3962	4.403207
3965	4.2010417
3968	3.5690477
3971	3.0833333
3974	3.6785715
3977	5.0
398	2.7526686
3980	3.0
3983	3.5833333
3986	3.8156252
3989	3.5
3992	2.4
3995	2.9333332
3998	4.1019344
4001	3.5
4004	3.6666667
4007	2.860342
401	3.6535037
4010	3.5684524
4013	3.7395833
4016	3.0
4019	3.2452378
4022	5.0
4025	2.5
4028	4.1666665
4031	3.1084244
4034	3.0
4037	3.9333336
404	2.2666667
4040	4.0449486
4043	3.4896092
4046	5.0
4049	3.8717806
4052	2.3756943
4055	3.0755992
4058	4.0
4061	2.5625002
4064	3.1016572
4067	3.3372023
407	2.875
4070	3.0
4073	4.5
4076	2.0
4079	3.6
4082	2.952381
4085	3.4550595
4088	3.9166667
4091	2.0
4094	3.625
4097	3.072619
41	1.0
410	3.6020834
4100	3.5468907
4103	2.5472221
4106	2.950595
4109	3.2567012
4112	2.5
4115	4.422964
4118	4.580952
4121	2.75
4124	3.7708335
4127	2.5299127
413	3.3929718
4130	2.5
4133	3.3095238
4136	2.4416907
4139	4.0
4142	4.777778
4145	4.1857147
4148	4.3333335
4151	2.125
4154	2.5
4157	3.3198178
416	2.9980116
4160	3.4666665
4163	3.7645836
4166	3.5144207
4169	2.0
4172	3.0
4175	3.6666667
4178	4.1666665
4181	3.8154764
4184	3.2651784
4187	2.4979167
419	2.8611114
4190	3.1666667
4193	3.0833333
4196	3.6833334
4199	3.5
4202	1.6666666
4205	3.0
4208	2.9642856
4211	3.0
4214	3.4040425
4217	3.75
422	3.36594
4220	3.3333333
4223	2.0
4226	2.6666667
4229	3.736607
4232	3.34375
4235	2.5
4238	4.3839746
4241	3.25
4244	3.3339286
4247	3.2406564
425	3.6025658
4250	2.78
4253	3.909186
4256	3.7181225
4259	3.90625
4262	3.5279462
4265	3.4666665
4268	3.2531252
4271	3.540262
4274	2.6666667
4277	2.6666667
428	3.5
4280	3.5666668
4283	2.8298116
4286	3.375
4289	3.5412931
4292	3.1666665
4295	2.7
4298	2.594603
4301	3.625
4304	3.625
4307	5.0
431	3.7701297
4310	3.0078962
4313	4.0
4316	3.3333333
4319	3.0
4322	2.75
4328	3.2402778
4331	3.2507915
4334	2.9333336
4337	3.125
434	3.5
4340	3.6364582
4343	2.8194447
4346	2.8875
4349	3.6666667
4352	3.1977043
4355	2.7761266
4358	3.0
4361	3.6666667
4364	3.6753886
4367	3.3229165
437	3.4166665
4370	2.991369
4373	4.8333335
4376	4.5
4379	2.5
4382	4.5
4385	4.101434
4388	2.5476189
4391	3.5
4394	2.15625
4397	3.5
44	3.550999
440	2.5
4400	3.6666667
4403	2.6666667
4406	3.4880955
4409	4.1625004
4412	3.0
4415	3.9552083
4418	3.387828
4421	3.0833333
4424	3.6
4427	4.5070214
443	3.962085
4430	2.8
4433	3.0
4436	2.75
4439	3.6458333
4442	3.0314527
4445	5.0
4448	3.5
4451	2.75
4454	4.0639877
4457	4.0
446	2.5833333
4460	3.434659
4463	3.2399306
4466	2.6666665
4469	2.0
4472	3.6708534
4475	3.0
4478	3.5656679
4481	3.4666665
4484	4.0574403
4487	3.0
449	4.0
4490	3.1750057
4493	3.0275328
4496	3.794403
4499	2.527778
4502	3.0
4505	2.9
4508	3.8283794
4511	2.6250002
4517	3.097596
452	2.890819
4520	3.6445513
4523	3.6666667
4526	2.5
4529	3.9583335
4532	2.5
4535	3.6558418
4538	4.0
4541	2.5104167
4544	2.0
4547	3.9201388
455	3.9973214
4550	3.3333333
4553	3.439394
4556	2.3
4559	3.963038
4562	3.8888886
4565	3.7796624
4568	3.308807
4571	3.0
4574	1.0
4577	3.863582
458	3.766667
4580	2.7916667
4583	3.3413157
4586	3.3798847
4589	3.6666667
4592	4.171875
4595	4.0974703
4598	3.6523807
4601	2.6078372
4604	2.75
4607	3.5659723
461	3.4458332
4610	3.4333334
4613	4.0555553
4616	4.0
4619	3.0
4622	2.6
4625	2.1785715
4628	3.9493883
4631	3.1020832
4634	3.3530266
4637	3.6666667
464	1.5
4640	4.109124
4643	4.055556
4646	3.375
4649	3.4601188
4652	3.321719
4655	2.25
4658	4.0554233
4661	3.2118468
4664	3.5
4667	2.309524
467	3.325
4670	2.881026
4673	3.2
4676	2.8055553
4679	4.2029357
4682	3.8889976
4685	3.0035832
4688	3.5104167
4691	4.3600755
4694	2.6666667
4697	3.97795
47	3.2546132
470	2.2857144
4700	2.2666667
4703	2.5
4706	4.5
4709	2.963934
4712	2.8806126
4715	3.511905
4718	3.0
4721	3.9689353
4724	1.6666666
4727	4.159794
473	4.0651665
4730	3.0625
4733	3.6122448
4736	3.7630882
4739	3.5957737
4742	2.0
4745	3.1904666
4748	4.214286
4751	3.6009228
4754	3.1006582
4757	3.599405
476	4.0610795
4760	1.0
4763	2.5
4766	3.609871
4769	4.111111
4772	2.6714284
4775	3.2380955
4778	3.5150054
4781	2.970282
4784	4.5
4787	4.0666666
479	3.890625
4790	3.7481906
4793	2.6666667
4796	2.5
4799	2.9109666
4802	3.1
4805	3.8744
4808	4.4
4811	3.0
4814	3.6309524
4817	2.7619045
482	3.760253
4820	3.0693643
4823	4.2483635
4826	3.125
4829	3.7568772
4832	3.3333333
4835	3.0
4838	2.8
4841	2.8353987
4844	2.7
4847	4.0401654
485	3.6809525
4850	3.7
4853	2.6666667
4856	2.7
4862	3.8273232
4865	4.25
4868	3.9666667
4871	2.3333333
4874	3.5176003
4877	4.3095865
488	3.589962
4880	2.0
4883	3.2664273
4886	3.082134
4889	3.9
4892	3.3333333
4895	2.8472223
4898	3.7291665
4901	3.25
4904	3.6035843
4907	3.5
491	3.527778
4910	2.4388888
4913	2.7907736
4916	3.3125
4919	4.1390367
4922	2.8333333
4925	2.8333333
4928	2.0238094
4931	2.8687527
4934	5.0
4937	3.4
494	3.9657698
4940	3.625
4943	3.2454216
4946	3.547619
4949	3.2061214
4952	3.1944447
4955	1.25
4958	3.5
4961	1.5
4964	2.4052198
4967	4.0
497	3.190476
4970	3.4595413
4973	3.5
4976	3.5
4979	4.2282853
4982	1.75
4985	3.1361606
4988	3.88125
4991	3.8999999
4997	2.75
5	4.34375
50	2.6666667
500	3.761905
5000	3.2619045
5003	5.0
5006	4.4809523
5009	3.75
5012	3.5
5015	3.625
5018	4.638889
5021	3.261905
5024	4.111111
5027	2.3333333
503	3.9583333
5030	2.6666667
5033	3.252699
5036	3.0
5039	3.1666667
5042	3.597214
5045	3.9
5048	4.0289116
5054	3.5667207
5057	3.861111
506	2.6666667
5060	4.0
5063	3.137649
5066	3.657738
5069	3.7123537
5072	3.2514882
5075	3.9563358
5078	2.2777777
5081	3.8888886
5084	3.5669725
5087	3.6744115
509	2.6666667
5090	2.5672617
5093	3.0515873
5096	2.6660717
5099	3.6398811
5102	4.0
5105	3.630675
5108	1.25
5111	3.0922618
5114	3.0
5117	3.6666667
512	2.761905
5120	3.218362
5123	2.0833333
5126	2.6666667
5129	2.6888888
5132	5.0
5135	3.3666668
5138	4.4270835
5141	3.4477944
5144	1.5
5147	3.5
515	1.6666666
5150	3.0
5153	2.4
5156	3.9469318
5159	1.4666666
5162	3.1624815
5165	4.1666665
5168	3.6
5171	1.8142856
5174	3.2441926
5177	2.9375002
518	4.069715
5180	3.1904762
5186	3.25
5189	3.75
5192	3.8333335
5195	1.875
5198	3.8350341
5201	2.75
5204	4.0402427
5207	2.3333333
521	2.1388888
5210	2.0
5213	1.25
5216	3.3333333
5219	3.6666667
5222	4.10119
5225	4.0
5228	2.25
5231	3.7715669
5234	3.6927085
5237	3.2886734
524	3.288079
5240	4.166667
5243	3.3227408
5246	1.5
5249	5.0
5252	4.125
5255	3.2598047
5258	4.325206
5261	2.95
5264	3.0
5267	3.7777777
527	2.75
5270	2.0
5273	4.0
5276	4.0
5279	3.0
5282	2.9166667
5285	3.5402777
5288	3.6
5291	3.9333334
5294	4.1541667
5297	3.9480157
53	2.3333333
530	5.0
5300	3.25
5303	2.0
5306	4.3333335
5309	4.165481
5312	3.3583333
5315	3.4333336
5318	3.6009564
5321	3.0
5324	1.0
5327	3.6498866
533	3.1664824
5330	3.6757214
5333	3.3995304
5336	3.2876623
5339	3.0
5342	2.862846
5345	3.5618024
5348	4.0
5351	3.2987616
5354	4.1
5357	1.0
536	2.8888886
5360	3.952706
5363	3.3539832
5366	2.658631
5369	4.0895834
5372	2.1
5375	3.0
5378	1.6666666
5381	2.5
5384	3.6048117
5387	3.410227
539	3.5
5390	2.986217
5393	3.4285715
5396	3.5238094
5399	2.7
5402	3.5598457
5405	3.185764
5408	4.25
5411	4.0
5414	4.0726976
5417	2.9982638
542	2.0
5420	3.0
5423	2.6318455
5426	2.8541667
5429	2.3333333
5432	4.235588
5435	3.3898108
5438	2.8611114
5441	2.5
5444	2.9427083
5447	2.9895833
545	3.5
5450	2.7
5453	2.6666667
5456	3.75
5459	3.1395833
5462	3.2626739
5465	3.625
5468	3.5407507
5471	4.2458334
5474	2.73125
5477	3.2550807
548	2.9740682
5480	3.6919641
5483	3.4777782
5486	3.0
5489	3.0312502
5492	3.4285715
5495	2.4166667
5498	3.0
5501	2.5
5504	2.6875
5507	3.9592261
551	3.2996159
5510	4.00189
5513	3.7670093
5516	3.638283
5519	4.280654
5522	3.3484864
5525	3.475974
5528	3.7572877
5531	3.239479
5534	3.229167
5537	3.1875
554	3.2804477
5540	4.5
5543	3.0910714
5546	2.9791665
5549	4.1942644
5552	2.0
5555	3.3333333
5558	4.404762
5561	4.1223893
5564	3.2611346
5567	3.6
557	2.6
5570	2.959524
5573	4.0
5576	3.136756
5579	3.6347222
5582	4.539201
5585	3.0
5588	3.904762
5591	3.5927346
5594	2.6666665
56	3.5111609
560	4.2059526
5600	4.5
5603	3.8333333
5606	3.0
5609	4.008333
5612	3.3955998
5615	3.0
5618	2.0
5621	3.36846
5624	2.6666667
5627	3.5351188
563	3.5290568
5630	3.6583333
5633	3.9566338
5636	4.0197043
5639	3.4249866
5642	3.3881834
5645	2.864286
5648	3.3666663
5651	3.193762
5654	2.972222
5657	3.8900793
566	3.1394558
5660	2.625
5663	3.0000854
5666	3.3
5669	3.5555556
5672	3.3457246
5675	3.2
5678	4.5
5681	3.25
5684	4.25
5687	3.5
569	3.5525599
5690	3.8333333
5693	3.907738
5696	4.2820625
5699	3.757174
5702	3.81002
5705	4.0174108
5708	3.3197067
5711	2.5833333
5714	4.12004
5717	3.5666668
572	3.736111
5720	4.6
5723	1.6666666
5726	2.8333333
5729	3.375
5732	4.303602
5735	3.2123516
5738	4.394832
5741	2.6666667
5744	2.7288463
5747	3.7166665
575	4.239831
5750	3.5
5753	2.0
5756	4.5
5759	4.0
5762	3.8400471
5765	3.5913193
5768	3.6666667
5771	2.4166665
5774	3.4
5777	2.7142856
578	2.125
5780	3.25
5783	3.3174603
5786	2.75
5789	3.0
5792	2.3333333
5795	3.0
5798	3.3541667
5801	3.9875
5804	2.875
5807	3.5333946
581	3.5
5810	4.388889
5813	4.1577377
5816	4.482143
5819	4.0694447
5822	3.8809526
5825	2.6666667
5828	3.75
5831	3.5416665
5834	4.875
5837	4.3488407
584	3.0125
5840	3.9275126
5843	3.9550226
5846	3.1666667
5849	3.875
5852	2.6666667
5855	2.0
5858	2.5165572
5861	3.2539635
5864	4.6466665
5867	3.238095
587	3.2916667
5870	2.3333333
5873	1.0
5876	3.6538692
5879	4.5
5882	3.3743544
5885	3.5
5888	4.008978
5891	3.273512
5894	2.9544034
5897	3.0589547
59	3.0
590	3.75
5900	3.2190473
5903	2.8489583
5906	3.2119744
5909	2.5429454
5912	3.6666667
5915	1.3333334
5918	1.6666666
5921	2.75
5924	3.829076
5927	3.625
593	3.3333333
5930	2.9958334
5933	3.296918
5936	2.75
5939	3.505278
5942	3.7976189
5945	4.1455355
5948	4.026786
5951	3.5555556
5954	3.852543
5957	2.815387
596	2.9614582
5960	3.8690476
5963	3.9801135
5966	2.75
5969	4.25
5972	3.8012896
5975	3.0
5978	4.75
5981	1.0
5984	2.9375
5987	3.25
599	3.4640803
5990	4.0
5993	2.75
5996	5.0
5999	3.8333333
6002	3.1993196
6005	3.3693452
6008	3.6
6011	4.042163
6014	3.2623844
6017	3.3999999
602	2.9625
6020	3.5625
6023	3.9620535
6026	3.5
6029	4.1157613
6032	3.4855309
6035	2.8166668
6038	2.6666667
6041	2.5
6044	2.125
6047	1.6666666
605	2.6333334
6050	3.5608563
6053	3.5875003
6056	3.0
6062	2.5
6065	2.25
6068	3.2657483
6071	3.0
6074	5.0
6077	3.3333333
608	4.0
6080	2.9589841
6083	4.043353
6086	3.4666667
6089	2.5
6092	2.3333333
6095	2.3333335
6098	4.0130954
6101	3.738095
6104	2.5
6107	3.65
611	3.0
6110	3.6685529
6113	3.1427557
6116	3.0
6119	2.9799602
6122	3.193396
6125	3.4479167
6128	4.0
6131	3.5249999
6134	3.6789908
6137	4.0
614	3.7
6140	2.5
6143	3.0
6146	2.7666667
6149	4.1694446
6152	2.625
6155	3.550843
6158	3.6352224
6161	3.1768186
6164	2.0
6167	3.0
617	3.65625
6170	1.75
6173	3.3958333
6176	4.0
6179	2.3
6182	3.142857
6185	3.2
6188	2.9174106
6191	2.0944445
6194	3.2648811
6197	3.0833333
62	4.0
620	3.1785715
6200	3.5
6203	2.95
6206	3.7423313
6209	3.25
6212	3.0
6215	2.9285715
6218	3.8214285
6221	3.8716862
6224	3.5
6227	3.8095238
623	3.4
6230	2.8229165
6233	4.21875
6236	3.553274
6239	3.0020833
6242	4.0
6245	3.552034
6248	3.0
6251	3.9951742
6254	3.7081134
6257	2.6666667
626	4.0
6260	2.3333333
6263	3.6006947
6266	3.5093133
6269	3.0
6272	4.0
6275	3.6875
6278	3.1516595
6281	3.7407656
6284	3.05625
6287	3.8865075
629	3.468079
6290	2.7222223
6293	1.5
6296	3.28125
6299	3.163192
6302	3.0755906
6305	2.0
6308	2.6979165
6311	2.908482
6314	2.86875
6317	3.6666667
632	2.8611114
6320	2.3333333
6323	2.5
6326	3.6543155
6329	3.7693145
6332	1.5
6335	3.3333335
6338	1.9375
6341	2.5
6344	3.4166665
6347	3.0271773
635	3.0
6350	3.6248245
6353	3.25
6356	3.3
6359	2.642857
6362	3.607113
6365	3.6666667
6368	3.2270832
6371	3.559375
6374	4.2287827
638	3.62096
6380	3.0
6383	3.1267858
6386	3.193246
6389	4.135417
6392	3.0
6395	3.3
6398	3.138842
6401	1.6666666
6404	2.654898
6407	4.0625
641	3.6372025
6410	4.5
6413	3.704167
6416	3.3930562
6419	4.0
6422	2.3333333
6428	4.2864046
6431	1.875
6437	2.879643
644	2.9
6440	2.6250002
6443	3.53125
6446	2.4666667
6449	3.3648207
6452	4.0
6455	2.5104165
6458	3.3194444
6461	2.75
6464	3.4260447
6467	3.357143
647	3.5446427
6470	2.9205127
6473	3.0602272
6476	3.5892856
6479	3.0
6482	3.3914824
6485	3.664579
6488	2.5
6491	2.0
6494	3.407738
6497	3.2181816
65	2.25
650	2.0833333
6500	3.6544318
6503	2.7958336
6506	4.0
6509	3.1666667
6512	3.9533017
6515	3.7208333
6518	3.25
6521	2.6666667
6524	3.676047
6527	2.5
653	2.5
6530	3.2261903
6533	2.6333153
6536	3.0
6539	4.5
6542	2.8696427
6545	3.727334
6548	3.654762
6551	3.0
6554	3.125
6557	3.3333333
656	2.25
6560	2.5
6563	3.3125
6566	2.6666667
6569	3.7857144
6572	4.0
6575	3.8809524
6578	2.4215686
6581	5.0
6584	3.8862014
6587	3.8665414
659	2.738633
6590	4.0833335
6593	3.0
6596	3.202929
6599	3.5650628
6602	3.8511367
6605	3.3333333
6608	3.4479167
6611	2.6555555
6614	1.7619047
6617	2.4
662	3.6588352
6620	2.5
6623	3.8340695
6626	2.5
6629	3.125
6632	3.4404714
6635	3.8445482
6638	2.6666667
6641	3.7480159
6644	4.571429
6647	2.983383
665	2.6666667
6650	4.2023807
6653	2.5
6656	3.6068947
6659	1.940625
6662	4.0
6665	3.0885417
6668	2.3
6671	2.9895833
6674	5.0
6677	3.4130177
668	3.9605718
6680	4.5
6683	3.3259497
6686	4.1380954
6689	3.4285717
6692	3.3884172
6695	3.0
6698	3.8267856
6701	3.057143
6704	2.702381
6707	3.9050593
671	3.3200002
6710	3.6255953
6713	2.8333333
6716	3.453702
6719	4.5
6722	2.999405
6725	3.5
6728	2.5714285
6731	3.6587684
6734	3.5
6737	2.357143
674	3.3742006
6740	3.0
6743	4.0
6746	3.5
6749	3.1666667
6752	3.9523811
6755	3.375
6758	3.6555557
6761	2.35
6764	4.3333335
6767	2.0
677	3.7707841
6773	3.125
6776	4.009772
6779	2.9625
6782	2.6729167
6785	3.5
6788	3.761905
6791	3.0208333
6794	2.0
6797	4.0733824
68	4.4635415
680	3.239534
6800	2.8333333
6803	2.392857
6806	3.6494975
6809	3.1
6812	3.7166667
6815	3.1666667
6818	2.9349701
6821	2.7777777
6824	3.4973621
6827	3.3834822
683	5.0
6830	2.75
6833	3.8093686
6836	3.5852408
6839	2.25
6842	3.1280031
6845	3.1666667
6848	2.8666666
6851	2.5
6854	3.6666667
6857	3.0
686	3.0596542
6860	3.7812016
6863	3.4625
6866	3.4582386
6869	2.75
6872	3.62761
6875	3.5833335
6878	2.8333333
6881	3.2857144
6884	2.1666667
6887	3.8679485
689	3.3964632
6890	1.825
6893	3.5302224
6896	1.0
6899	2.811472
6902	3.6852882
6905	2.945238
6908	3.3336127
6911	3.4517488
6914	3.28125
6917	3.3446698
692	3.4716125
6920	3.8566964
6923	3.0188527
6926	3.5
6929	3.0
6932	3.857143
6935	3.794788
6938	3.0
6941	3.2400002
6944	2.5
6947	4.133333
695	2.25
6950	2.5
6953	3.3057654
6956	2.8
6959	3.5146556
6962	3.4166665
6965	3.7604165
6968	4.0
6971	4.091003
6974	4.3607645
6977	2.3249998
698	3.5
6980	3.0
6983	3.4136083
6986	3.125
6989	3.3767216
6992	3.25
6995	3.0
6998	2.3333333
7001	2.8
7004	3.6169012
7007	3.789737
701	1.6166668
7010	2.8720644
7013	1.0
7016	4.0
7019	3.2742805
7022	2.277778
7025	2.9962797
7028	3.6875
7031	3.7157187
7034	3.8436532
7037	3.870716
704	3.5
7040	3.2960243
7043	4.2667885
7046	3.2322917
7049	3.3333333
7052	2.7395833
7055	3.5424097
7058	3.5020835
7061	3.3333333
7064	3.1236472
7067	2.9315019
707	3.6039863
7070	4.021995
7073	3.1666665
7076	2.9604168
7079	2.9666665
7082	3.5836308
7085	3.5
7088	3.5333335
7091	3.1659946
7097	1.625
71	3.9020832
710	4.2
7100	3.9285715
7103	2.0
7106	1.9761906
7109	3.3
7112	3.7042594
7115	3.0
7118	2.9714284
7121	2.8759696
7124	3.6166668
7127	3.6495574
713	5.0
7130	3.0949173
7133	3.892857
7136	3.25
7139	3.4861608
7142	2.2844245
7145	3.6035519
7148	3.3333333
7151	2.5
7154	3.5
7157	3.0
716	3.875
7160	3.741363
7163	3.42004
7166	4.146194
7169	3.1632936
7172	3.3833873
7175	1.75
7178	2.0
7181	2.2884424
7184	3.6947153
7187	2.0
719	3.0666666
7190	3.875
7193	4.313755
7196	2.625
7199	4.142857
7202	3.8419642
7205	3.3000002
7208	3.4748814
7211	2.5
7214	2.75
7217	2.9946024
722	4.074786
7220	3.25
7223	2.3645835
7226	2.3333333
7229	3.607143
7232	1.8333334
7235	4.2889514
7238	3.026558
7241	2.5
7244	3.9444447
7247	3.0496032
725	3.5708299
7250	3.8333333
7253	3.4693377
7256	3.0833333
7259	2.992857
7262	3.544643
7265	3.2916667
7268	3.2142856
7271	3.0
7274	2.6666667
7277	3.2
728	2.9
7280	3.402399
7283	4.0
7286	2.9125001
7289	3.6793385
7292	3.3055556
7295	3.0
7298	4.3720236
7301	3.0
7304	2.904762
7307	4.1666665
731	2.45625
7310	2.75
7313	2.3333333
7316	4.5
7319	2.0
7322	3.1747367
7325	2.0
7328	2.919643
7331	3.2955658
7334	4.233333
7337	3.5
734	3.769253
7340	2.0
7343	3.69553
7346	3.2518966
7349	3.0
7352	3.1466668
7355	3.3941247
7358	2.6
7361	4.1904764
7364	3.818546
7367	1.6666666
737	2.0
7370	4.0953918
7373	4.0
7376	3.75
7379	3.680665
7382	3.5
7385	2.625
7388	4.5
7391	3.015355
7394	3.3333333
7397	3.6736534
74	3.35
740	2.3333333
7400	4.1125
7403	2.5
7406	3.5985575
7409	3.1253471
7412	3.047619
7415	3.0
7418	2.1681151
7421	3.9795918
7424	4.023313
7427	3.81002
743	3.1041667
7430	4.3051505
7433	3.5493054
7436	3.5959575
7439	3.0
7442	2.921875
7445	4.3622622
7448	3.4924738
7451	3.3333333
7454	4.4166665
7457	3.7134922
746	3.4902365
7460	5.0
7463	3.7559295
7466	2.7666667
7469	3.5
7472	2.972222
7475	3.7292619
7478	3.3809524
7481	3.5416667
7484	3.125
7487	3.5501895
749	2.385719
7490	3.8333335
7493	3.3474946
7496	3.9247997
7499	3.5925167
7502	2.0
7505	4.270833
7508	1.75
7511	3.6443224
7514	3.2708335
7517	3.4745471
752	4.400606
7520	3.0
7523	3.8399832
7526	2.6875
7529	3.9538195
7532	2.0520835
7535	2.0
7538	4.25
7541	4.052083
7544	3.22615
7547	3.7401786
755	3.6720238
7550	3.0
7553	3.8958333
7556	2.6666665
7559	2.1666667
7562	3.0
7565	3.0714285
7568	4.2
7571	3.570725
7574	3.75
7577	4.2928953
758	3.5082517
7580	3.6904762
7583	3.3604167
7586	4.123514
7589	3.717664
7592	2.1666667
7595	4.063539
7598	3.8513043
7601	2.6666667
7604	2.4166667
7607	3.257278
761	2.8493056
7610	3.7226462
7613	3.4853444
7616	3.2857144
7619	4.189678
7622	3.3666663
7625	2.36875
7628	2.6832705
7631	3.6368475
7634	3.4270835
7637	2.625
764	3.7541666
7640	4.008658
7643	3.8807411
7646	3.242262
7649	4.0833335
7652	4.108699
7655	3.6326916
7658	3.5104167
7661	4.0822916
7664	4.557431
7667	4.0025187
767	2.7857144
7670	2.3333333
7673	3.2461538
7676	3.0
7679	2.6666667
7682	1.6
7685	3.9169192
7688	4.132639
7691	3.746764
7694	2.9791665
7697	3.722222
77	2.7599552
770	4.0
7700	2.0
7703	2.6278057
7706	3.892698
7709	1.8125
7712	3.7646554
7715	4.0
7718	3.400895
7721	3.5714288
7724	3.9047618
7727	2.1
773	2.7833333
7730	3.154072
7733	2.6666667
7736	3.7959206
7739	2.9556184
7742	4.433308
7745	4.0904117
7748	3.3095238
7751	4.4317436
7754	3.0666666
7757	3.479097
776	3.0718255
7760	2.8729167
7763	3.688236
7766	3.0
7769	3.1863096
7772	3.8354166
7775	3.0416667
7778	3.5918367
7781	3.5
7784	3.3333333
7787	3.0
779	2.0833333
7790	1.7
7793	4.2619047
7796	2.0
7799	3.5555556
7802	2.0833333
7805	3.0
7808	3.8050597
7811	3.972222
7814	3.2840576
7817	3.8619423
782	2.0
7820	3.5742636
7823	3.3888886
7826	3.3966212
7829	1.4
7832	3.610863
7835	3.0
7838	3.0
7841	3.7085195
7844	2.2123015
7847	2.4
785	3.75
7850	3.9707246
7853	2.3333333
7856	3.0
7859	2.6666667
7862	4.0
7865	4.264807
7868	3.6916666
7871	2.75
7874	3.027778
7877	3.2903774
788	3.8198433
7880	3.9322915
7883	3.611021
7886	3.00061
7889	3.125
7892	3.685945
7895	3.5231934
7898	3.2520971
7901	2.0
7904	2.8897448
7907	3.8055556
791	3.9333332
7910	3.727225
7913	3.3142858
7916	3.0555556
7919	3.465341
7922	3.7111685
7925	4.0
7928	3.9166727
7931	3.6666667
7934	3.7104168
7937	3.781953
794	3.0333333
7940	3.496509
7943	3.2
7946	3.75
7949	3.6333332
7952	3.5919077
7955	3.7261903
7958	3.2114582
7961	2.4166667
7964	2.0
7967	3.6
797	3.3125
7970	3.7867424
7973	3.7066164
7976	3.5
7979	3.0517857
7982	3.3333335
7985	3.995025
7988	1.4
7991	3.1271818
7994	2.5
7997	3.7527287
8	3.1720421
80	2.75
800	1.8333334
8000	3.6666667
8003	3.625
8006	3.3333333
8009	3.5
8012	2.8
8015	4.3333335
8021	3.75
8024	3.7327855
8027	3.328125
803	2.3125
8030	2.5970237
8033	3.2392626
8036	3.1333334
8039	3.64003
8042	3.6562502
8045	3.7054648
8048	3.0833333
8051	3.043314
8054	3.5197918
8057	4.0
806	3.8239584
8060	4.8333335
8063	3.0
8066	3.718254
8069	1.0
8072	3.8020835
8075	3.8656251
8078	3.467274
8084	4.0997024
8087	4.0285716
809	3.7296038
8090	4.0375
8093	3.8384356
8096	3.604365
8099	3.1614845
8102	1.5
8105	3.4235106
8108	3.975
8111	3.4859433
8114	5.0
8117	3.7567086
812	3.5
8120	1.8333334
8123	2.4724286
8126	3.0
8129	2.0
8132	2.5
8135	3.125
8138	3.916667
8141	3.3202586
8144	3.3333333
8147	1.625
815	2.5
8150	3.2
8153	1.0
8156	2.997619
8159	3.6849315
8162	3.6645834
8165	3.2427082
8168	3.5441468
8171	3.5602357
8174	3.0844395
8177	3.6201322
818	3.4493093
8180	3.2974389
8183	2.8333333
8186	3.9378517
8189	3.4663916
8192	3.4039927
8195	1.0
8198	2.9880955
8201	1.8333333
8204	4.0064144
8207	2.5
821	2.75
8210	3.9305556
8213	3.9153094
8216	3.1523018
8219	3.2265968
8222	2.0
8225	2.5
8228	4.0833335
8231	3.0
8234	3.3333333
8237	4.25
824	3.9130952
8240	3.9166667
8243	2.9042108
8246	3.585175
8249	4.0
8252	2.5
8255	3.2
8258	3.0
8261	2.90625
8264	4.6666665
8267	2.0
827	3.0
8270	2.7642858
8273	2.6666667
8276	4.0
8279	4.0
8282	4.047835
8285	4.625
8288	3.6190476
8291	1.75
8294	3.5714285
8297	3.6744046
83	3.7170835
830	3.3333333
8300	4.0
8303	3.625
8306	3.75
8309	1.0
8312	2.783831
8315	3.2208335
8318	3.3333333
8321	3.9722223
8324	3.125
8327	4.2790647
833	3.5288453
8330	2.9104166
8333	3.0201302
8336	3.8330195
8339	3.8057132
8342	3.222222
8345	3.4458332
8348	4.197917
8351	3.0
8354	3.8071144
8357	3.445414
836	3.3958333
8360	2.5
8363	3.495299
8366	2.75
8369	3.8541667
8372	3.594841
8375	1.2222222
8378	3.5
8381	2.5
8384	2.8954506
8387	3.5811167
839	4.05
8390	2.0
8393	3.7370918
8396	3.761905
8399	2.9659724
8402	3.0
8405	3.3874972
8408	3.6190474
8411	3.3333333
8414	4.0
8417	3.2
842	3.2083333
8420	1.8
8423	3.0634809
8426	3.5833333
8429	3.143885
8432	3.1283996
8435	2.6666667
8438	4.278359
8441	5.0
8444	3.6666667
8447	4.4987636
845	4.1333337
8450	1.625
8453	2.9604168
8456	3.75
8462	3.5
8465	2.3875
8468	4.3829618
8471	3.04375
8474	2.125
8477	3.2142856
848	3.0333333
8480	3.595238
8483	2.9212692
8486	3.875
8489	2.1332119
8492	3.290885
8495	3.25
8498	2.860119
8501	4.0
8504	3.3472223
8507	3.5828207
851	3.9116483
8510	3.375
8513	2.3707483
8516	3.7777777
8519	3.75
8522	3.7481964
8525	3.3106809
8528	3.107143
8531	3.984693
8534	2.9642856
8537	2.0833333
854	2.25
8540	3.472222
8543	2.7424107
8546	2.3333333
8549	3.4974673
8552	3.5394251
8555	2.8401358
8558	2.6666667
8561	3.6666667
8564	2.8611114
8567	2.9501944
857	4.045139
8570	3.6666667
8573	4.0
8576	2.4
8579	3.0
8582	2.4166667
8585	3.7195578
8588	3.0
8591	3.8667479
8594	4.083333
8597	2.3666666
86	1.5
860	4.3333335
8600	4.0416665
8603	3.5568686
8606	3.7113094
8609	4.1236396
8612	2.6302083
8615	1.3333334
8618	3.281895
8621	3.5336308
8624	4.11921
8627	3.7615047
863	3.9
8630	3.3399239
8633	3.6261904
8636	3.2650843
8639	2.5
8642	2.3333333
8645	2.814732
8648	2.1399999
8651	3.3723707
8654	3.884375
8657	1.8611112
866	3.8125002
8660	3.6
8663	3.5416667
8666	3.7541904
8669	3.6174252
8672	3.5
8675	3.7534723
8678	4.02488
8681	4.0
8684	3.0
8687	3.5225163
869	3.0
8690	2.5
8693	3.3714285
8696	2.4444444
8699	3.526747
8702	3.6666667
8705	2.964863
8708	3.4062502
8711	3.6950488
8714	2.1666667
8717	3.8729658
872	4.139273
8720	2.0
8723	4.5
8726	3.0666668
8732	3.642857
8735	2.6666667
8738	3.1666667
8741	3.8
8744	3.9433918
8747	3.8055556
875	3.5
8750	2.1388888
8753	3.8895257
8756	3.95
8759	3.1000001
8762	1.3333334
8765	3.8571427
8768	2.625
8771	2.8333333
8774	4.3961625
8777	3.25
878	4.0
8780	3.5130954
8783	2.375
8786	2.0
8789	2.7
8792	3.1333332
8795	3.738095
8801	3.9006042
8804	2.0
8807	3.25
881	3.222222
8810	4.1666665
8813	2.0
8816	2.888889
8819	3.6190474
8822	2.75
8825	3.6605697
8831	1.0
8834	3.0
8837	3.3067803
884	3.0
8840	3.969896
8843	3.0625
8846	3.5922537
8849	3.2538195
8852	3.73125
8855	3.857143
8861	3.6855447
8864	4.5
8867	3.1030846
887	4.888889
8870	2.5
8873	3.875
8879	2.3333333
8882	2.6
8885	3.2395833
8888	3.5555556
8891	3.6666667
8894	3.7333333
8897	2.75
89	2.976389
890	3.2916667
8900	3.3333333
8903	3.1225262
8906	2.6666667
8909	2.5
8912	3.5571427
8915	4.025816
8918	3.1984127
8921	2.0
8924	3.125
8927	3.0
893	4.15625
8930	2.925812
8933	4.0
8936	2.9666667
8939	3.1
8942	3.0344856
8945	3.4746642
8948	4.166667
8951	3.6238096
8954	3.7363486
8957	3.857143
896	3.4740436
8960	3.6849704
8963	3.3061223
8966	3.4065762
8969	3.1333334
8972	3.0
8975	3.3145835
8978	2.0
8981	3.2022417
8984	3.3229165
8987	2.6644187
899	3.6666667
8990	3.642857
8993	4.0837717
8996	3.75
8999	3.111111
9002	2.5833333
9005	3.1751003
9008	2.0
9011	5.0
9014	3.675761
9017	2.777778
902	2.027778
9020	1.0
9023	4.0485864
9026	1.0
9029	3.0833333
9032	3.3977556
9035	2.9166667
9038	3.549107
9041	3.4641368
9044	3.969359
9047	4.464286
905	3.0
9050	1.5
9053	1.625
9056	2.738095
9059	2.7458332
9062	3.2656174
9065	3.6190476
9068	3.0
9071	3.5
9074	3.682059
9077	4.0
908	4.150025
9080	3.011879
9083	5.0
9086	1.625
9089	3.768838
9092	3.6254787
9095	3.3254008
9098	3.232693
9101	4.1220927
9104	3.0
9107	3.6666667
911	3.1666667
9110	3.5242786
9113	3.2917159
9116	3.6265428
9119	4.0
9122	2.5
9125	3.3867168
9128	3.375
9131	3.1629033
9134	2.3521314
9137	1.75
914	3.1666667
9140	1.9
9143	3.375
9146	3.1927161
9149	2.625
9152	2.979052
9155	3.75
9158	4.0
9161	4.0
9164	3.6770835
9167	4.0
917	3.0
9170	3.4960008
9173	3.375
9176	2.0
9179	3.9
9182	4.0
9185	2.375
9188	3.2424047
9191	4.1666665
9194	2.8333333
9197	2.616586
92	3.5
920	2.0
9200	2.8
9203	2.0833333
9206	3.7528186
9209	2.75
9212	4.35
9215	3.4
9218	3.7902122
9221	5.0
9224	3.615114
9227	4.0
923	3.0
9230	2.95
9233	2.9261906
9236	4.1156898
9239	2.952381
9242	3.8540378
9245	1.8333334
9248	3.111111
9251	2.5166667
9254	4.0310025
9257	3.2901785
926	1.5
9260	3.8534498
9263	3.5
9266	2.777778
9269	2.5
9272	3.0236607
9275	2.3888888
9278	2.2964287
9281	3.857143
9284	2.0
9287	2.3333333
929	3.5714285
9290	3.0708334
9293	3.4428573
9296	4.090404
9299	2.5
9302	3.3333333
9305	3.6666667
9308	2.6
9311	3.8333333
9314	3.24375
9317	3.0635417
932	2.75
9320	3.8319974
9323	3.43001
9326	4.111764
9329	3.440421
9332	4.0277777
9335	2.75
9338	2.797619
9341	2.875
9344	3.5555553
9347	3.7757578
935	4.166667
9350	3.9343417
9353	2.9388888
9356	2.5
9359	3.5512242
9365	3.142857
9368	3.4443614
9371	3.1
9374	3.2
9377	4.0833335
938	2.0
9380	3.5625
9383	3.502083
9386	2.25
9389	2.7377853
9392	3.5356812
9395	3.7270076
9398	3.5102742
9401	1.5
9404	3.0
9407	3.7
941	2.0
9410	2.8834324
9416	3.438095
9419	4.2
9422	3.3416667
9425	3.325
9428	3.1291664
9431	2.5925686
9434	3.0
9437	3.4444444
944	2.125
9440	3.6958683
9443	3.3145833
9446	2.3333335
9449	2.4
9452	2.9166667
9455	4.5416665
9458	3.6139848
9461	2.4286058
9464	3.0
9467	2.0625
947	3.95625
9470	3.4444447
9473	2.5
9476	2.75
9479	3.5077305
9482	3.9166665
9485	3.9522321
9488	3.0
9491	3.5972223
9494	2.5
9497	3.593412
95	3.095238
950	2.0
9500	3.1
9503	4.233333
9506	3.3333333
9509	3.5843322
9512	2.2604167
9515	2.8214285
9518	2.4041026
9521	3.55625
9524	3.579829
9527	2.5
953	3.5222614
9530	2.3333333
9536	3.75
9539	4.011816
9542	3.3689075
9545	2.7019687
9548	3.848965
9551	2.7619045
9554	3.9583333
9557	2.934028
956	2.7648237
9560	4.0
9563	2.4
9569	4.2301135
9572	3.0
9575	2.9444447
9578	3.8140635
9581	3.8738096
9584	4.214286
9587	3.404762
959	2.375
9590	3.6779222
9593	3.8169014
9596	3.5566545
9599	4.25
9602	1.5
9605	3.432738
9608	3.411458
9611	3.9066126
9614	3.656543
9617	3.532176
962	3.1199527
9620	3.0
9623	3.047619
9626	3.7332249
9629	3.3166664
9632	2.0
9635	3.5460668
9638	3.25
9641	3.7777777
9644	4.530103
9647	3.0
965	3.8333333
9650	1.9583333
9653	3.7496526
9656	2.7142856
9659	4.4722223
9662	3.7435758
9665	3.9
9668	3.4166667
9671	3.125
9674	3.458333
9677	2.97159
968	2.6666667
9680	2.7
9683	3.8607655
9686	3.7293246
9689	3.9804828
9692	3.75
9695	3.5380952
9698	2.5
9701	3.9479165
9704	3.4880955
9707	3.6666667
971	3.935459
9710	3.5108845
9713	3.6909313
9716	2.75
9719	1.25
9722	3.1458335
9725	3.1760418
9728	3.9005609
9731	3.688337
9734	3.6104167
9737	3.2142856
974	3.7222223
9740	3.1390982
9743	3.3055556
9746	2.9044914
9749	3.5
9752	3.4499998
9755	1.6666666
9758	4.0
9761	3.6061757
9764	3.5
9767	4.0
977	3.064448
9770	2.2
9773	2.0555556
9776	2.7299597
9779	3.4
9782	2.9333334
9785	3.2737246
9788	3.5051
9791	2.25
9794	2.861111
9797	3.0
98	3.5
980	3.7374997
9800	3.2878795
9803	3.125
9806	3.5
9809	3.5208333
9812	3.1458335
9815	3.0625
9818	3.9529085
9821	2.607143
9824	3.41875
9827	1.625
983	2.4047618
9830	2.9
9833	3.90749
9836	3.8340278
9839	1.875
9842	3.5
9845	3.7964451
9848	4.1002975
9851	3.6666667
9854	4.0
9857	2.3333333
986	3.5312972
9860	2.1666667
9863	3.1597784
9866	3.4166667
9869	2.5
9872	2.75
9875	3.0974207
9878	3.3026223
9881	2.0
9884	2.0
9887	2.6666665
989	3.0511677
9890	3.5
9893	3.016667
9896	2.357143
9899	3.190476
9902	3.5755951
9905	4.046339
9908	4.075284
9911	2.6895835
9914	3.3333333
9917	3.0
992	3.8723497
9920	2.625
9923	3.4565973
9926	2.9701254
9929	4.100248
9932	1.5
9935	3.7809522
9938	3.5291667
9941	3.595238
9944	2.0
9947	2.979464
995	1.8
9950	3.5194354
9953	3.0
9956	3.25
9959	3.3692188
9962	3.5
9965	2.6758928
9968	3.48125
9971	3.3333333
9974	2.8301926
9977	3.134627
998	3.142857
9980	3.6785715
9983	3.614122
9986	3.5703049
9989	3.0
9992	2.5
9995	3.2566965
9998	4.25
