10002	3.5765111
10005	4.0
10008	4.0
10011	4.0
10014	2.9166667
10017	2.9791667
10020	3.8602679
10023	4.038889
10026	3.0
10029	2.642857
10032	3.538758
10035	4.3072915
10038	3.0213385
10041	3.0675135
10044	3.5753431
10047	3.8485117
1005	3.4523811
10050	2.5
10053	3.7032046
10056	3.6857142
10059	1.6666666
10062	2.9
10065	3.5833333
10068	2.6666665
10071	3.3333333
10074	4.15
10077	3.5
1008	3.960714
10080	4.4423757
10083	3.2211537
10086	4.0
10089	3.0714285
10092	4.2380953
10095	3.932003
10098	2.375
10101	3.6056507
10104	4.142857
10107	3.5476189
1011	3.2928472
10110	2.8666666
10113	2.777778
10116	3.375
10119	3.5069816
10122	4.0
10125	3.4970734
10128	3.761905
10131	3.7066278
10134	3.7625
10137	4.0188494
1014	3.3333335
10140	3.7989583
10143	3.8106983
10146	3.8
10149	2.0
10152	3.7964184
10155	3.3277547
10158	3.6116478
10161	3.3333335
10164	4.1
10167	3.2916667
1017	4.0816326
10170	3.5122716
10173	3.0835705
10176	3.4193802
10179	4.232143
10182	2.8645833
10185	3.9049873
10188	3.5
10191	3.7040253
10194	2.0
10197	2.25
102	3.2857144
1020	4.2730722
10200	3.107143
10203	3.4649305
10206	2.404762
10209	3.4302347
10212	3.6505535
10215	3.8
10218	2.75
10221	3.5142539
10224	2.875
10227	3.9479167
1023	3.1309524
10230	3.4003272
10233	3.1
10236	3.4779785
10239	3.5455062
10242	3.236111
10245	4.6666665
10248	3.125
10251	4.0
10254	4.1074505
10257	3.309524
1026	3.4381776
10260	2.5
10263	2.6666667
10266	3.5
10269	3.5
10272	3.7738094
10275	3.63166
10278	3.0639563
10281	3.7564406
10284	3.4875
10287	3.9361112
1029	3.304762
10290	4.0
10293	3.6308312
10296	3.4444447
10299	3.255102
10302	3.4330356
10305	2.507738
10308	3.7291667
10311	4.1981773
10314	3.2825375
10317	3.9375
1032	3.9104545
10320	3.0357144
10323	1.25
10326	2.0
10329	3.3750002
10332	1.0
10335	4.0
10338	4.0625
10341	3.5429564
10344	3.4271433
10347	3.519558
1035	3.5333316
10350	3.738095
10353	4.1145835
10356	4.0
10359	3.2714074
10362	3.5564396
10365	3.4744897
10368	3.1666667
10371	3.6885865
10377	1.5833334
1038	4.0555553
10380	3.8947916
10383	4.125
10386	2.9583333
10389	3.374256
10392	3.3256176
10395	3.2916665
10398	1.0
10401	3.8666668
10404	4.0
10407	3.4304712
1041	3.625
10410	2.5
10413	3.2102056
10416	2.0
10419	3.0819805
10422	3.7536228
10425	2.7153208
10428	3.609096
10431	3.5555556
10434	1.5
10437	3.6625
1044	3.2775972
10440	3.3625
10443	2.5
10446	3.8198836
10449	3.9853823
10452	2.9166667
10455	3.4833333
10458	3.5242062
10461	3.829637
10464	4.6666665
10467	3.1218884
1047	3.6889527
10470	2.3333333
10473	2.9333334
10476	3.897619
10479	3.1666667
10482	3.740774
10485	2.3708334
10488	3.2142856
10491	3.8914251
10494	3.4
10497	3.1241071
105	3.1
1050	3.6840289
10500	3.5
10503	3.2145257
10506	3.5833335
10509	4.1875
10512	4.0625
10515	3.1666667
10518	2.9833333
10521	2.375
10524	4.2
10527	3.1884284
1053	2.0
10530	3.5
10533	2.1666665
10536	3.83125
10539	3.9
10542	3.0
10545	4.1035333
10548	3.3333333
10551	2.9583335
10554	3.7588813
10557	4.5
1056	3.5
10560	4.0001206
10563	2.0
10566	3.37748
10569	4.3
10572	3.0
10575	4.1578507
10578	2.5
10581	2.0
10584	3.05
10587	2.0
1059	2.5714285
10590	2.0
10593	3.770551
10596	3.1547225
10599	3.3083332
10602	2.5
10605	3.810268
10608	3.7305627
10611	3.7494047
10614	3.0625
10617	3.8440478
1062	3.5729165
10620	4.030961
10623	2.0
10626	2.8809524
10629	2.6666667
10632	5.0
10635	3.6666665
10638	1.0
10641	4.1904764
10644	4.424447
10647	3.7255952
1065	1.625
10650	3.5833335
10653	1.6666666
10656	4.1666665
10659	2.8333333
10662	4.00817
10665	2.0
10668	3.6190476
10671	2.861111
10674	1.8333334
10677	3.2083333
1068	3.2528856
10680	3.0865867
10683	3.8854167
10686	3.7497315
10689	3.6666667
10692	4.03125
10695	3.1211777
10698	4.3333335
10701	3.28
10704	3.4004905
10707	3.0
1071	2.5833333
10710	3.5
10713	3.3989582
10716	2.0
10719	1.952381
10722	3.4875
10725	4.0
10728	5.0
10731	2.3333333
10734	3.8700356
10737	3.3571432
1074	3.8222404
10740	3.3166666
10743	4.3333335
10746	4.00625
10749	3.25
10752	3.0
10755	3.3333333
10758	2.7083333
10761	4.125
10764	4.365245
10767	3.5145833
1077	3.5
10770	3.0357144
10773	3.4623601
10776	4.035714
10779	3.4583333
10782	3.0
10785	3.5906641
10788	3.25
10791	2.3055556
10794	2.625
10797	3.96875
108	3.180358
1080	3.0927162
10800	4.0833335
10806	2.1238096
10809	3.4923432
10812	2.6666667
10815	1.375
10818	2.2916667
10821	2.625
10824	3.738095
10827	3.7949066
1083	2.625
10830	3.5230412
10833	3.3333335
10836	3.313988
10839	3.25
10842	3.0
10845	4.0
10848	3.1017663
10851	3.839376
10854	4.2591186
10857	3.9166667
1086	3.6877975
10860	3.166785
10863	2.952166
10866	4.25
10869	3.625
10872	3.2124128
10875	2.6666667
10878	3.5
10881	2.9791667
10884	3.8354166
10887	3.7354164
1089	3.8885913
10890	3.7082427
10893	3.8894343
10896	3.3333333
10899	3.4715123
10902	5.0
10905	3.0
10908	3.0
10911	3.327133
10914	3.4374998
10917	4.25
1092	3.3655097
10920	3.7279558
10923	2.9166665
10926	2.945293
10929	3.1
10932	3.0
10935	3.4787421
10938	3.461111
10941	4.0
10944	3.4292316
10947	4.3112726
1095	2.0
10950	1.875
10953	2.5
10956	2.8666668
10959	3.8639455
10962	2.3336685
10965	3.343027
10968	4.0
10971	3.611111
10974	2.0
10977	3.2
1098	4.243229
10980	3.0
10983	2.0
10986	3.2990124
10989	2.7833333
10992	2.5555556
10995	3.1499999
10998	2.6666667
11001	1.25
11004	3.38426
11007	3.7333336
1101	3.8333333
11010	3.552381
11013	3.0258174
11016	2.0
11019	3.0833333
11022	3.5962472
11025	3.3476841
11028	3.8333335
11031	2.375
11034	2.9363096
11037	2.3333333
1104	3.2170622
11040	3.9520183
11043	3.532341
11046	3.2305555
11049	3.0
11052	4.1644344
11055	1.5
11058	2.25
11061	3.1715772
11064	4.071198
11067	2.8055553
1107	3.8333333
11070	3.3666666
11076	2.5580359
11079	2.111111
11082	2.7
11085	3.4760416
11088	4.2
11091	3.65
11094	3.0
11097	4.0610795
111	3.0945947
1110	4.067673
11100	3.4
11103	2.9043424
11106	4.25
11109	3.33125
11112	3.7
11115	3.25
11118	4.111111
11121	3.5808823
11124	4.023809
11127	3.1666665
1113	3.2857144
11130	2.1428573
11133	5.0
11136	3.1958332
11139	3.4306886
11142	4.3047624
11145	2.5
11151	3.6666667
11154	3.6
11157	5.0
1116	2.859661
11160	4.3702383
11163	2.0
11166	3.600806
11169	3.375
11172	3.6809754
11175	3.5
11178	3.3214285
11181	2.25
11184	3.0654762
11187	3.5155754
1119	2.7142856
11190	4.0
11193	3.8570755
11196	4.3333335
11199	3.3177142
11202	4.0277777
11205	3.9809525
11208	2.875
11211	3.0
11214	3.4637542
11217	3.5
1122	2.625
11220	3.875
11223	3.1333334
11226	3.0832264
11229	2.0
11232	3.5
11238	4.6666665
11241	3.857143
11244	2.1666667
11247	4.416667
1125	3.0
11250	2.7118824
11253	3.125
11256	2.8691573
11259	3.157738
11262	3.3587074
11265	3.5711577
11268	3.4564393
11271	4.133838
11274	2.875
11277	3.836163
1128	2.772619
11280	4.0
11283	4.299738
11286	3.2128108
11289	3.59747
11292	3.855038
11295	3.6162338
11298	1.0
11301	3.477776
11304	2.5
11307	3.6771176
1131	1.5
11310	1.0
11313	3.1520948
11316	3.0
11319	2.4333334
11322	3.5595238
11325	3.5522645
11328	3.6125
11331	3.25
11334	3.799107
11337	3.7472844
1134	3.500229
11340	2.760116
11343	2.3875
11346	3.690476
11349	3.0
11352	3.4940476
11355	3.125
11358	2.6666667
11361	3.9
11364	3.6569443
11367	2.4
1137	3.2520835
11370	3.9404762
11373	2.0
11376	3.050847
11379	3.3333333
11382	2.0
11385	3.264383
11388	3.5711458
11391	4.0973167
11394	3.4854164
11397	3.0508928
114	3.2619045
1140	3.0229616
11400	3.49294
11403	3.6358042
11406	3.6853592
11409	4.5
11412	3.0833335
11415	5.0
11418	1.0
11421	3.296524
11424	2.5
11427	3.7995043
1143	3.58125
11430	1.9166666
11433	3.2286248
11436	3.0
11439	3.3246844
11442	3.305211
11445	3.1118505
11448	3.0
11451	3.8481889
11454	4.0
11457	1.0
1146	3.2777777
11460	3.5
11463	2.7916665
11466	2.2666667
11469	3.6875
11472	3.4049695
11475	3.1458335
11478	3.0309753
11481	3.6666667
11484	4.0
11487	3.5
1149	3.875
11490	3.7174137
11493	2.25
11496	2.6899905
11499	3.6666667
11502	2.745238
11505	3.0
11508	3.4635417
11511	2.8
11514	3.477381
11517	2.3333333
1152	3.8
11520	2.7
11523	4.284835
11526	3.2189705
11529	2.5
11532	3.1770833
11535	3.3000002
11538	3.5
11541	3.6666665
11544	3.50949
11547	2.4166667
1155	3.6195931
11550	3.5
11553	3.0
11556	3.25
11559	3.223985
11562	3.4285715
11565	2.3333333
11568	2.0833335
11571	3.1034722
11574	2.0
11577	2.9416668
1158	3.2794185
11580	2.5833333
11583	4.5277777
11586	3.3333333
11589	4.0785713
11592	2.0
11595	2.5
11598	3.6666667
11601	3.2666667
11604	3.8568325
11607	4.288602
1161	2.6666667
11610	3.5111113
11613	3.612445
11616	3.5833333
11619	3.9699404
11622	2.8194444
11625	5.0
11628	2.7777777
11631	2.6
11634	2.0
11637	3.927381
1164	3.016667
11640	3.5
11643	3.222222
11646	1.6666666
11649	3.174107
11652	2.75
11655	3.0249999
11658	3.1238065
11661	3.239951
11664	3.0
11667	4.3333335
1167	3.1875
11670	3.0
11673	3.4956622
11676	3.125
11679	2.7328267
11682	4.0
11685	3.3
11688	3.9788375
11691	2.857143
11694	3.5
11697	2.980633
117	3.8422618
1170	3.0270832
11703	4.0
11706	3.6666667
11709	3.0
11712	3.375
11715	3.8888886
11718	2.5416667
11721	2.5416667
11724	3.276506
11727	3.5917659
1173	3.782531
11730	3.953869
11733	1.7130952
11736	2.5
11739	3.4720743
11742	2.375
11745	3.2719584
11748	3.75
11751	3.5552492
11754	3.8350303
11757	2.1
1176	3.7489321
11760	3.8892856
11763	3.5
11766	2.75
11769	3.0
11772	3.8333335
11775	3.224721
11778	3.25
11781	4.1397758
11784	4.0
11787	2.0
1179	3.842519
11793	3.25
11796	3.6666667
11799	3.125
11802	3.986951
11805	2.761401
11808	2.6666665
11811	3.2302694
11814	3.0
11817	3.555357
1182	3.1666667
11820	3.08494
11823	3.6666667
11826	3.0791667
11829	3.530749
11832	3.6
11835	4.25
11838	3.0
11841	2.0
11844	3.6593287
11847	3.9791667
1185	2.0
11850	2.3551304
11853	2.0
11856	2.0
11859	3.735272
11862	2.6111112
11865	3.3542795
11868	2.645613
11871	3.8333335
11874	2.5
11877	3.0
1188	3.0
11880	3.6
11883	4.0
11886	3.5239997
11889	3.1666667
11892	2.8333333
11895	4.0
11898	3.5166667
11901	3.8850052
11904	3.9946895
11907	3.6949308
1191	2.924603
11910	2.8569465
11913	3.3583333
11916	4.142857
11919	2.4779763
11922	4.1126485
11925	4.222842
11928	3.0
11931	3.9407222
11934	2.4285715
11937	3.43063
1194	3.1666667
11940	3.7142856
11943	2.0
11946	2.0
11949	3.735611
11952	2.75
11955	3.8447917
11958	4.2213206
11961	3.8283548
11964	4.0
11967	3.8782468
1197	2.6
11970	3.1
11973	2.5
11976	2.0
11979	4.0
11982	3.573
11985	3.3437314
11988	2.2857144
11991	2.5
11994	3.9610133
11997	3.6666667
12	3.35
120	2.5
1200	2.9715047
12000	3.25
12003	3.633335
12006	3.0
12009	3.2815971
12012	5.0
12015	3.3107061
12018	2.25
12021	3.347222
12024	2.5
12027	3.6666667
1203	3.6229165
12030	3.875
12033	2.25
12036	2.9166667
12039	2.0
12042	3.7333336
12045	3.0
12048	2.7333333
12051	3.5556817
12054	3.0130897
12057	2.4166667
1206	3.8
12060	3.668403
12063	2.6785715
12066	3.5
12069	2.9523811
12072	3.5463338
12075	3.9664412
12078	2.7
12081	3.25
12084	3.3048925
12087	3.0520835
1209	2.8
12090	3.4363534
12096	3.1807292
12099	3.5
12102	3.673409
12105	3.5
12108	2.0
12111	4.554762
12117	2.0
1212	4.1
12120	2.5
12123	1.4666666
12126	3.6375363
12129	2.0
12132	3.6173167
12135	3.3869047
12138	3.6872296
12141	3.075
12147	2.875
1215	2.8333333
12150	4.0
12153	4.0
12156	3.1666667
12159	4.2619047
12162	3.11875
12165	2.6941106
12168	2.9583335
12171	2.0848832
12174	3.125
12177	3.5
1218	3.3585165
12180	4.0833335
12183	2.25
12186	3.769043
12189	2.9
12192	4.1
12195	3.801805
12198	4.3
12201	3.25
12204	2.0
12207	2.3181953
1221	3.453928
12210	4.0476193
12213	3.1510417
12216	3.5
12219	4.5833335
12222	3.33125
12225	1.5
12228	3.2533216
12231	2.3472223
12234	3.3541667
12237	3.8895833
1224	3.9553194
12240	3.3000002
12243	3.090744
12246	3.787541
12249	3.0160716
12252	2.4642856
12255	3.3881538
12258	2.9166667
12261	2.9363086
12264	2.5
12267	3.25
1227	1.25
12270	2.5
12273	2.6845644
12276	2.75
12279	3.8110118
12282	2.875
12285	3.8328867
12288	3.5
12291	3.25
12294	3.0
12297	2.7605708
123	2.404762
1230	4.857143
12300	3.4356716
12303	3.3474026
12306	3.8333333
12309	3.1108236
12312	2.6666667
12315	3.892857
12318	4.0
12324	2.980025
12327	3.1875
1233	3.2142856
12330	3.625
12333	4.3333335
12336	3.4408243
12339	2.0
12342	2.7895832
12345	2.0
12348	3.0
12351	2.7708335
12354	3.4583335
12357	2.75
1236	3.073638
12360	3.9111114
12366	2.9769347
12369	1.6666666
12372	3.1875
12375	4.2
12378	3.2942977
12381	3.054302
12384	4.2676535
12387	3.6062498
1239	3.0
12390	3.4166667
12393	3.0001485
12396	3.75
12399	3.5744226
12402	3.3166666
12405	3.117361
12408	3.00609
12411	3.700696
12414	3.7619045
12417	4.293433
1242	2.7
12420	2.75
12423	3.8339286
12426	2.8809526
12429	3.0416665
12432	2.9635417
12435	3.8681219
12438	3.6666667
12441	2.6
12444	3.357143
12447	3.6521282
1245	3.048949
12450	3.7225544
12453	3.0319445
12456	2.882857
12459	2.935891
12462	3.8214285
12465	4.0
12468	2.1875
12471	3.356611
12474	2.8333333
12477	2.0
1248	3.874074
12480	3.5555556
12483	3.75
12486	3.9338386
12489	3.2545109
12492	3.6641867
12495	3.6785715
12498	2.0
12501	3.8607998
12504	3.0
12507	3.75
1251	4.0166664
12510	4.0
12513	3.5668566
12516	2.7
12519	2.75
12522	2.6833334
12525	3.25
12528	2.642857
12531	3.5416667
12534	3.1029778
12537	2.0
1254	3.175
12540	3.2114835
12543	2.7936509
12546	3.2981765
12549	3.2177594
12552	3.0416665
12555	3.0
12558	3.6666665
12561	2.8958333
12564	2.4761903
12567	3.9571698
1257	3.6666667
12570	3.3528738
12573	2.6041667
12576	3.4
12579	2.5
12582	3.8731613
12585	4.0
12588	2.4285715
12591	3.4384902
12594	3.625
12597	2.5
126	3.4166667
1260	2.9982142
12600	3.6950047
12603	3.25
12606	2.3
12609	3.2083333
12612	3.8435543
12618	3.3386905
12621	2.6666667
12624	3.5326884
12627	3.5708334
1263	3.4375
12630	3.5791664
12633	3.5401447
12636	4.010417
12639	3.6594076
12642	2.9722223
12645	3.7545047
12648	3.9265873
12651	3.75
12654	3.75
12657	1.5
1266	3.3964193
12660	3.028391
12663	2.9271646
12666	3.2145832
12669	3.2333333
12672	3.653429
12675	3.7838821
12678	3.1053329
12684	2.888889
12687	3.5
1269	3.0
12690	3.7509625
12693	3.6532984
12696	4.2619047
12699	2.0
12702	3.485417
12705	2.625
12708	3.2619045
12711	3.0555553
12714	3.5420403
12717	3.0
1272	3.7857144
12720	3.1636906
12723	3.3860118
12726	3.6139524
12729	2.0
12732	3.6540945
12735	2.9532738
12738	3.7359123
12741	3.0808039
12744	2.9166667
12747	3.0864584
1275	3.375
12750	2.5
12753	3.222222
12756	4.0833335
12759	3.4422617
12762	3.8333333
12765	2.0
12768	3.0
12771	2.5
12774	3.6131704
12777	3.047619
1278	3.2132578
12780	2.1666667
12786	2.9136906
12789	3.0
12792	3.8805885
12795	3.4958792
12798	2.9531724
12801	3.3333333
12804	3.6693347
12807	3.5
12810	3.0533915
12813	3.625
12816	3.2380955
12819	2.0
12822	3.5
12825	2.5
12828	3.3940735
12831	3.1
12834	4.522976
12837	3.1823707
1284	3.0
12840	3.773363
12843	3.6248462
12846	3.3519425
12849	3.6800597
12852	3.4446025
12855	4.0406747
12858	2.5
12861	3.6511905
12864	2.8333333
12867	3.1648905
1287	2.761905
12870	4.44652
12873	2.5
12876	2.3802085
12879	3.2142856
12882	3.9166667
12885	3.264881
12888	3.0
12891	4.5592756
12894	3.565481
12897	1.888889
129	2.7041667
1290	3.5
12900	3.2729166
12903	3.309578
12906	4.178571
12909	3.888889
12912	3.738095
12915	1.0
12918	3.7976768
12921	3.25
12924	2.625
12927	3.35
1293	2.4898808
12930	2.5
12933	3.2541666
12936	2.3333333
12939	3.2708333
12942	4.0829687
12945	3.3653164
12948	3.4370537
12951	3.2179677
12954	3.875
12957	3.0
1296	2.7333333
12960	4.3333335
12963	3.0
12966	3.5411966
12969	2.5
12972	3.2916667
12975	3.6053977
12978	4.0081234
12981	5.0
12984	3.0
12987	4.0005026
1299	3.3049242
12990	1.3
12993	3.9
12996	3.0238094
12999	4.3342247
13002	3.1994846
13005	2.9
13008	3.2774305
13011	3.2857144
13014	3.4190476
13017	3.9761906
13020	2.7875001
13023	3.6507936
13026	3.0
13029	3.2622454
13032	3.4444444
13035	3.407302
13038	2.3333333
13041	3.1706846
13044	3.0357144
13047	4.1949406
1305	3.3444047
13050	3.3468637
13053	3.0
13056	3.3171732
13059	2.5411708
13062	3.313244
13065	3.6101189
13068	2.995238
13071	3.1666665
13074	3.469782
13077	3.226392
1308	4.0
13080	3.9285715
13083	4.177778
13086	2.9879959
13089	2.5
13092	3.3619049
13095	3.496307
13098	2.9788306
13101	2.8
13104	3.5854168
13107	3.816784
1311	2.3333333
13110	2.78
13113	2.5238094
13116	3.375
13119	2.881268
13122	3.5
13125	3.5436013
13128	3.7548695
13131	4.0
13134	2.6666667
13137	2.5555556
1314	3.7927268
13140	2.8958335
13143	3.8333333
13146	3.75
13149	3.9519346
13152	3.8333333
13155	2.915064
13158	3.8333333
13161	3.0
13164	3.7793152
13167	4.214286
1317	4.122916
13170	3.8809524
13173	2.4880955
13176	2.8428974
13179	2.8238096
13182	3.6404386
13185	3.027778
13188	2.8333333
13191	2.3
13194	3.5729167
13197	3.9868054
132	3.4520833
1320	2.5
13203	2.8910713
13206	4.0900297
13209	2.7916667
13212	2.6011903
13215	1.6
13218	3.3333333
13221	2.625
13224	2.25
13227	3.1555512
1323	3.1220236
13230	3.5982213
13233	3.8
13236	2.25
13239	3.625
13242	3.1
13245	3.75
13248	2.943616
13251	3.7628887
13254	3.1364584
13257	1.0
1326	3.5
13260	2.6666667
13263	4.5
13266	4.0416665
13269	3.712172
13272	2.6666667
13275	2.857143
13278	3.3333333
13281	2.5833333
13284	2.0
13287	4.3125
1329	3.3339295
13290	3.5
13293	3.3695085
13296	4.0595236
13299	2.3333333
13302	3.9910707
13305	1.75
13308	2.5
13311	3.123115
13314	3.233333
13317	3.19037
1332	4.3333335
13320	2.8541667
13323	3.625
13326	3.6029828
13329	4.4375
13332	2.5
13335	3.375
13338	2.75
13341	3.6
13344	3.5
13347	2.6
1335	4.3580356
13350	3.6190476
13353	3.5
13356	2.9166667
13359	3.5756514
13362	2.9
13365	3.4096727
13368	4.0833335
13371	2.6
13374	3.8270833
13377	4.3375
1338	4.0
13380	3.9325893
13383	3.703668
13386	3.5555556
13389	3.5630293
13392	3.819597
13395	2.5
13398	3.753535
13401	4.0
13404	4.3125
13407	3.8
1341	2.8333333
13410	2.8125
13413	3.93013
13416	3.0
13419	3.8119047
13422	3.0
13425	3.2
13428	1.0
13431	4.0
13434	3.5
13437	3.8375654
1344	3.0
13440	2.9572918
13443	2.0
13446	3.8166664
13449	2.25
13452	3.6
13455	3.5
13458	3.0378952
13461	3.0833333
13464	2.0
13467	1.0
1347	3.3812501
13470	2.6
13473	3.5
13476	3.4270833
13479	4.0
13482	2.5
13485	2.8354168
13488	3.6716928
13491	4.6
13494	3.4
13497	3.75
135	3.875
1350	3.8333333
13500	3.1447916
13503	4.5
13506	4.2304926
13509	2.861111
13512	3.7860322
13515	2.0
13518	2.8791258
13521	4.0
13524	3.3974051
13527	2.48125
1353	3.75
13530	2.5
13533	2.6666667
13536	2.4
13539	3.8224025
13542	3.6777797
13545	3.1666667
13548	2.8697917
13551	3.6094458
13554	1.895238
13557	4.2632337
1356	3.0
13560	3.5
13563	2.75
13566	3.9583335
13569	3.2038693
13572	3.6645496
13575	3.0
13578	3.6666667
13581	3.815909
13584	3.6002467
13587	3.8214285
1359	3.47087
13590	2.0
13593	4.1773963
13596	3.3958333
13599	3.605357
13602	3.932342
13605	3.238068
13608	3.4791667
13611	4.0
13614	4.137839
13617	3.6666667
1362	3.0
13620	3.282653
13623	3.7604165
13626	2.672619
13629	3.9616637
13632	2.5
13635	3.8749998
13638	2.6205661
13641	3.5546718
13644	2.621663
13647	2.8333333
1365	2.8963292
13650	4.076488
13653	3.1041665
13656	2.6312501
13659	3.3472223
13662	3.1633928
13665	5.0
13668	2.8
13671	3.125
13674	3.5444443
13677	2.142857
1368	3.0
13680	2.3333333
13683	2.6455853
13686	3.625
13689	3.3333333
13692	4.3333335
13695	3.0557213
13698	2.7285714
13701	3.5
13704	3.857143
13707	3.8371377
1371	2.6666667
13710	3.0541668
13713	3.9444447
13716	4.125
13719	3.0
13722	3.0
13725	2.642857
13728	4.2236166
13731	3.0
13734	3.7142856
13737	3.6150477
1374	1.9166666
13740	3.5
13743	4.1458335
13746	3.1111114
13749	2.6666667
13752	2.0
13758	2.7
13761	2.1083333
13764	4.4
13767	3.4701715
1377	3.538393
13770	3.1666667
13773	3.125
13776	3.6722221
13779	3.6934524
13782	3.3333333
13785	3.6304066
13788	3.75
13791	3.125
13794	2.6
13797	2.5
138	4.0358477
1380	4.5
13800	3.5
13803	4.2
13806	3.9378128
13809	3.3321764
13812	2.5
13815	3.75
13818	3.6801586
13821	4.0
13824	2.947847
13827	3.3077888
1383	3.3333333
13830	3.1
13833	3.0
13836	3.659372
13839	2.1666667
13842	3.825609
13845	3.0923228
13848	3.1666667
13851	3.6555703
13854	3.4725652
13857	3.25
1386	4.0
13860	3.1943336
13863	3.2043557
13866	3.03125
13869	2.7916667
13872	2.0
13875	1.0
13878	4.025
13881	3.513393
13884	2.8854165
13887	3.721539
1389	3.7875
13890	4.2916665
13893	2.4702382
13896	3.2437499
13899	3.9166665
13902	2.25
13905	3.6666667
13908	3.6458335
13911	3.3333333
13914	3.5335486
13917	2.5
1392	3.4910946
13920	3.6625
13923	3.7629752
13926	2.7239583
13929	2.625
13932	2.5
13935	3.5
13938	2.6666667
13941	3.601146
13944	4.0
13947	2.2666667
1395	4.0517125
13950	2.0
13953	3.1666667
13956	3.5239582
13959	3.7175398
13962	2.8677084
13965	3.0666666
13968	2.277778
13971	2.0
13974	3.0905545
13977	3.9992695
1398	3.3333333
13983	3.2048612
13986	2.5833333
13989	3.5
13992	3.8333333
13995	2.75
13998	3.6666667
14001	2.28125
14004	3.75
14007	2.3333333
1401	3.5403452
14010	3.4723535
14013	3.3384054
14016	3.3038282
14019	2.4375
14022	3.8625
14025	3.8333333
14028	3.5
14031	4.339643
14034	2.3244317
14037	3.0
14040	3.0221155
14043	3.0
14049	3.0
14052	4.125
14055	2.8936625
14058	4.1875
14061	3.6304111
14064	3.0
14067	3.8654764
1407	3.0
14070	3.76875
14073	2.8673608
14076	3.9166667
14079	3.5833333
14082	4.1
14085	2.6666667
14088	3.2718565
14091	3.7877626
14094	2.4166667
14097	2.0277777
141	3.0
1410	2.0
14100	3.0
14103	4.1755266
14106	2.4458334
14109	3.5942628
14112	3.61263
14115	3.5149305
14118	3.0647852
14121	3.2916667
14124	3.0
14127	2.5
1413	3.5
14130	3.0
14133	3.1666667
14136	2.4166667
14139	3.5479164
14142	3.625
14145	3.5
14148	3.3333333
14151	3.5357141
14154	3.5993476
14157	2.25
1416	2.0
14160	3.4816287
14163	3.3916667
14166	3.4001837
14169	3.53125
14172	2.6666667
14175	3.5667293
14178	2.3958333
14181	3.5416665
14184	3.3714287
14187	3.8509254
1419	3.0
14190	4.0
14193	2.8878968
14196	3.4583335
14199	3.3108084
14205	1.875
14208	2.8020833
14211	3.6406636
14214	4.198124
14217	3.0948594
1422	5.0
14220	3.761905
14223	2.8333333
14226	2.8450892
14229	3.4254873
14232	2.0
14235	3.8285198
14238	3.7997024
14241	3.872682
14244	2.388889
14247	3.1666665
1425	3.718102
14250	3.5620227
14253	3.327001
14256	3.2901785
14259	3.6933377
14262	3.890377
14265	3.0976357
14268	2.1666667
14271	3.729266
14274	2.988692
14277	3.143581
1428	3.514893
14280	4.12683
14283	4.415661
14286	1.0
14289	3.7388391
14292	2.3333333
14295	2.6666667
14298	4.1041665
14301	3.4047618
14304	5.0
14307	4.1346
1431	2.5
14310	1.8
14313	3.7765265
14316	3.309524
14319	2.9270833
14322	3.6931548
14325	3.356681
14328	3.6223483
14331	3.354613
14334	3.5182421
14337	4.2916665
1434	3.7916667
14340	4.0
14343	3.0732627
14346	3.75
14349	3.4285715
14352	2.5
14355	2.934145
14358	4.1980457
14361	4.6333337
14364	3.5119274
14367	3.5305269
1437	5.0
14370	3.0833333
14373	2.0
14376	3.4293525
14379	3.5
14382	3.7975686
14385	3.0
14388	2.8809526
14391	3.4962463
14394	2.5
14397	3.078125
144	3.238095
1440	2.75
14400	3.0
14403	3.6496813
14406	2.0
14409	2.8333333
14412	4.110428
14415	2.6666667
14418	4.5
14421	2.3333335
14424	3.3809524
14427	3.360863
1443	3.4479167
14430	3.6768708
14433	2.5
14436	3.852381
14439	3.76307
14442	4.0
14445	3.9071429
14448	3.3333333
14451	2.8125
14454	3.7583852
14457	3.754026
1446	3.738095
14460	2.75
14463	2.9161706
14466	3.5635912
14469	2.5
14472	3.615301
14475	3.5999494
14478	4.0
14481	2.1
14484	3.4946167
14487	3.1181972
1449	2.0
14490	2.3333333
14493	1.0
14496	4.219345
14499	2.0
14502	2.9375
14505	3.4541829
14508	3.0
14511	3.4361112
14514	3.6666667
14517	3.1666667
1452	2.2333333
14520	2.8809524
14523	2.75
14526	3.4599566
14529	2.8723214
14532	3.2
14535	2.625
14538	3.554702
14541	3.0743053
14544	2.375
14547	3.25
1455	3.056508
14550	4.594423
14553	3.4095237
14556	3.5952382
14559	3.0555553
14562	3.7
14565	3.345238
14568	3.5317106
14571	4.290991
14574	3.450071
14577	3.1666665
1458	3.3333333
14580	3.5
14583	3.9
14586	3.2285714
14592	3.0
14595	3.625
14598	3.6864178
14601	4.032713
14604	2.2
14607	3.9285715
1461	3.6666667
14610	2.5
14613	3.9812725
14616	3.2
14619	4.008333
14622	2.8
14625	4.0
14628	2.9285715
14631	4.0002975
14634	3.620557
14637	3.375
1464	2.9133334
14640	3.4047618
14643	3.8270757
14646	3.3562982
14649	2.75
14652	3.1084304
14655	2.0
14658	4.3333335
14661	4.0146194
14664	3.846456
14667	3.8456542
1467	3.673717
14670	3.691453
14673	3.124504
14676	3.3333333
14679	4.0833335
14682	1.875
14685	3.6452382
14688	2.809524
14691	4.23684
14694	3.6943262
14697	1.6666666
147	2.0
1470	3.7280467
14700	2.75
14703	3.3333333
14706	4.1145835
14709	4.2610784
14712	3.218605
14715	3.25
14718	3.268448
14721	4.0
14724	3.5149305
14727	3.4475749
1473	3.5
14730	3.25
14733	2.4494543
14736	2.75
14739	2.3333333
14742	4.2886786
14745	3.620238
14748	3.0156791
14751	4.229167
14754	3.3258524
14757	3.0715277
1476	4.4451575
14760	2.9201121
14763	3.359375
14766	3.8892856
14769	2.8166666
14772	3.4375
14775	1.2
14778	2.75
14781	3.9582806
14784	2.5476189
14787	3.0
1479	3.3819685
14790	4.0
14793	1.8125
14796	3.511956
14799	3.7009177
14802	3.6809523
14805	3.9166667
14808	3.682292
14811	2.75
14814	2.5
14817	3.15
1482	3.236127
14820	3.4153214
14823	4.3714285
14826	3.0
14829	3.4140139
14832	3.26875
14835	3.6875
14838	4.0
14841	2.5
14844	2.875
14847	3.925
1485	3.5749998
14850	3.6666667
14853	2.25
14856	3.7512617
14859	4.0017858
14862	3.8166614
14865	2.8322988
14868	3.7978873
14871	4.5
14874	3.0555556
14877	3.112996
1488	4.093155
14880	2.0
14883	4.02089
14886	3.5585093
14889	3.170244
14892	1.5
14895	3.45
14898	3.1801543
14901	1.8333333
14904	3.9680338
14907	2.75
1491	3.3333333
14910	2.7777777
14913	3.5
14916	2.636634
14919	3.0944314
14922	3.0
14925	3.5469882
14928	4.026042
14931	3.4694724
14934	2.0
14937	4.1
1494	3.5
14940	3.4167018
14943	3.3838792
14946	3.4714284
14949	3.4772727
14952	3.96875
14955	2.9716136
14958	3.4166665
14961	4.7139807
14964	2.8333333
14967	3.6770833
1497	2.8666666
14970	3.1736007
14973	3.3175077
14976	2.440476
14979	3.3020835
14982	2.754822
14985	3.190476
14988	3.0
14991	1.9722222
14994	4.3333335
14997	3.8472223
15	4.2380953
150	2.5
1500	3.7916665
15000	3.1666667
15003	3.5
15006	3.5276787
15009	3.5104167
15012	2.8333333
15015	2.7291667
15018	3.0
15021	2.9583333
15024	3.2916667
15027	4.0
1503	3.5885139
15030	2.6111112
15033	3.60202
15036	3.691171
15039	3.3961525
15042	3.424107
15045	3.3233848
15048	3.547923
15054	3.875
15057	3.847849
1506	3.0714285
15060	3.0
15063	3.2952828
15066	3.3952377
15069	2.0
15072	2.55
15075	3.4007576
15078	3.516683
15081	3.75
15084	3.6070266
15087	4.0
1509	3.56935
15090	2.78125
15093	3.566574
15096	4.1
15099	2.964693
15102	2.2523808
15105	3.5788584
15108	1.75
15111	3.6666667
15114	3.759766
15117	3.5
1512	4.0
15120	2.25
15123	3.0
15126	3.4285715
15129	4.0103993
15132	3.5084639
15135	1.0
15138	2.75
15141	1.5
15144	4.0277777
15147	3.3354168
1515	3.1333332
15150	2.9333334
15153	2.911941
15156	3.675226
15159	2.3333333
15162	3.452381
15165	3.016667
15168	2.6
15171	3.2220724
15174	3.452381
15177	3.2046227
1518	3.7261448
15180	3.0
15183	4.275747
15186	3.0486743
15192	4.1666665
15195	3.785714
15198	3.552557
15201	4.167262
15204	3.1264882
15207	3.722222
1521	3.6303735
15210	3.75
15213	3.392857
15216	2.7955358
15219	3.5690475
15222	3.45
15225	3.5
15228	3.75
15231	3.25
15234	3.0182512
15237	2.9530303
1524	2.8164682
15240	2.3333333
15243	2.924716
15246	3.5541081
15249	2.8333333
15252	3.2916665
15255	3.2171133
15258	3.3
15261	3.75
15264	3.8333333
15267	4.3520393
1527	2.1
15270	4.27381
15273	4.5
15276	3.8710814
15279	3.4047618
15282	3.6976647
15285	3.2181795
15288	3.0
15291	3.6145833
15294	4.0166397
15297	2.75
153	2.8333333
1530	3.7738023
15300	3.383717
15303	4.0550594
15306	3.90625
15309	3.1359317
15312	2.5
15315	3.5409293
15318	4.0
15321	3.5438986
15324	3.3666663
15327	3.625
1533	3.5416667
15330	2.597222
15333	4.3245378
15336	3.1204243
15339	3.512369
15342	3.4965372
15345	2.975182
15348	2.8125
15351	3.3333333
15354	4.1666665
15357	2.5
1536	2.3888888
15360	4.0666666
15363	3.8449948
15366	3.733995
15369	1.888889
15372	3.6770835
15375	3.2666898
15378	3.7144468
15381	3.823398
15384	4.2944446
15387	3.2854664
1539	3.0
15390	3.6666667
15393	3.4786503
15396	3.827381
15399	2.0
15402	3.4895835
15405	3.8761904
15408	4.6666665
15411	3.9479165
15414	1.3333334
15417	3.2135417
1542	3.7630744
15420	3.2916667
15423	4.1666665
15426	3.53125
15429	4.025345
15432	3.75
15435	4.0
15438	1.375
15441	2.4
15444	3.4468975
15447	3.3977857
1545	2.0
15450	3.3817933
15453	3.5
15456	3.375
15459	2.3
15462	2.9809525
15465	3.1930263
15471	3.1276057
15474	3.1194172
15477	3.3710918
1548	2.3333333
15480	4.0
15483	2.9432998
15486	3.8184521
15489	4.0
15492	3.2890873
15495	2.75
15498	4.0
15501	3.047619
15504	2.7333333
15507	3.5191467
1551	3.8666663
15510	2.3333333
15513	3.1927083
15516	3.5229166
15519	3.75
15522	3.5
15525	2.3333333
15528	3.3333333
15531	3.6323242
15534	4.0619736
15537	3.25
1554	2.0
15540	3.4409916
15543	3.5
15546	2.6785715
15549	3.2329695
15552	3.6011906
15555	3.2473927
15558	2.375
15561	4.345238
15564	3.404762
15567	4.0833335
1557	2.9642856
15570	3.0245545
15573	1.3333334
15576	3.5168245
15579	3.0555553
15582	3.5433042
15585	3.6666667
15588	3.0
15591	2.8645835
15594	4.0712104
15597	3.61889
156	3.4625938
1560	3.7569444
15600	3.6041667
15603	4.0833335
15606	3.3333333
15609	4.373054
15612	3.0
15615	4.1666665
15618	3.1666667
15621	2.8
15624	3.2031248
15627	3.6107738
1563	3.6249998
15630	3.0
15633	3.6388886
15639	3.6666667
15642	2.9
15645	3.5833333
15648	3.625
15651	3.5520833
15654	2.4
15657	3.637525
1566	2.3333333
15660	2.6
15663	3.5
15666	4.012054
15669	2.0
15672	3.4523811
15675	2.625
15678	2.3
15681	2.40625
15684	3.4
15687	1.7777778
1569	1.5277777
15690	3.154762
15696	3.4761906
15699	3.9696684
15702	3.9116676
15705	3.8
15708	4.3333335
15711	3.0
15714	4.1
15717	3.8791666
1572	3.0625
15720	3.6965277
15723	2.625
15726	3.3333333
15729	4.1818905
15732	3.9791667
15735	4.0738635
15738	3.0833335
15741	2.593705
15744	2.8333333
15747	3.4319446
1575	3.611111
15750	3.6234522
15753	3.4362488
15756	3.25
15759	2.8670788
15762	2.7777777
15765	3.0034723
15768	4.831349
15771	2.1
15774	3.0814834
15777	4.370429
1578	3.1461363
15780	2.642857
15783	2.3333333
15786	3.7086012
15789	2.1666667
15792	4.0142856
15795	3.111111
15798	3.8408716
15801	4.125
15804	3.15625
15807	3.9595275
1581	3.3145833
15810	3.275
15813	3.0440698
15816	3.6145225
15819	2.5
15822	2.2
15825	3.4249716
15828	2.75
15831	2.4666667
15834	3.25
15837	2.2916667
1584	4.1666665
15840	3.2208333
15843	3.2735136
15846	3.903204
15849	2.5
15852	3.5833333
15855	3.795387
15858	3.9416597
15861	4.3768916
15864	2.6666667
15867	3.0202322
1587	3.75
15870	2.0
15873	4.321429
15876	3.7436996
15879	3.6333332
15882	2.5
15885	3.5597458
15888	2.5540676
15891	3.9682539
15894	3.495991
15897	3.9916668
159	4.5
1590	3.963551
15900	3.7645833
15903	3.1041667
15906	2.6125
15909	3.3659227
15912	3.0
15915	3.375
15918	2.6666667
15921	3.0689483
15924	3.5208333
15927	3.0
1593	4.083333
15930	3.3652596
15933	3.2
15936	2.709524
15939	3.6496868
15942	3.0833333
15945	3.1811638
15948	2.75
15951	2.1666665
15954	3.6979165
15957	3.9638891
1596	3.8285713
15960	2.1
15963	3.4954545
15966	2.7650852
15969	3.2665715
15972	2.0
15975	3.834386
15978	3.2562501
15981	3.1770835
15984	2.7833335
15987	3.6770833
1599	3.607076
15990	2.3
15993	2.5
15996	4.0
15999	3.9361112
16002	3.5837607
16005	4.0
16008	3.8615746
16011	3.113294
16014	2.375
16017	3.1361113
1602	2.462972
16023	2.277778
16026	2.3333333
16029	3.875
16032	4.0
16035	2.1666667
16038	3.5357144
16041	3.11441
16044	3.6544642
16047	3.6884239
1605	2.5
16050	3.5536933
16053	3.5
16056	4.0
16059	3.0
16062	3.3471344
16065	3.5238097
16068	3.5931401
16071	3.59375
16074	3.75
1608	3.5666668
16080	2.8809526
16083	4.1929345
16086	2.6666667
16089	3.25
16092	2.527778
16095	3.925
16098	3.9444444
16101	3.25
16104	2.8999999
16107	4.2755456
1611	3.0
16110	3.0714285
16113	3.1697128
16116	3.0833333
16119	3.2
16122	3.875
16125	3.6250002
16128	3.9494514
16131	3.125
16134	1.8333334
16137	3.0
16143	3.3924592
16146	2.132123
16149	3.5652776
16152	3.0
16155	4.0
16158	3.672546
16161	3.2
16164	3.1666667
16167	2.75
1617	2.325
16170	2.3333333
16173	3.0
16176	3.807887
16179	2.6666667
16182	3.274283
16185	3.8799517
16188	3.7500002
16191	3.6
16194	2.5
16197	3.4782736
162	3.097222
1620	4.2
16200	2.4583335
16203	3.3024566
16206	4.0
16209	3.268349
16212	3.2380955
16215	3.449594
16218	3.5333333
16221	3.5
16224	4.0
16227	3.5
1623	4.0
16230	3.9444444
16233	3.6332214
16236	3.5348663
16239	3.5
16242	3.4468505
16245	2.6666665
16248	2.375
16251	3.2
16254	2.0
16257	2.690476
1626	3.1333334
16260	3.7010338
16263	3.1960814
16266	2.875
16269	5.0
16272	3.8879457
16275	2.3
16278	4.2305007
16281	3.7249246
16284	3.3291667
16287	3.0
1629	3.9404762
16290	2.5
16293	3.0968416
16296	4.0
16299	3.0
16302	4.456297
16305	3.4666665
16308	2.111111
16311	3.876736
16314	4.0
16317	3.5
1632	3.0933058
16320	3.978869
16323	2.7083333
16326	2.8
16329	3.598264
16332	3.4166667
16335	3.6
16338	2.75
16341	3.7541668
16344	3.026767
16347	3.8333333
16350	2.9674015
16353	2.0
16356	3.988396
16359	2.979177
16362	3.4016955
16365	3.375252
16368	2.8504465
16371	2.6
16374	3.4
16377	4.30167
1638	3.4246528
16380	3.2313163
16383	4.5
16386	3.0
16389	2.4434028
16392	3.40625
16395	3.222222
16398	3.6666667
16401	3.4020832
16404	2.5416667
16407	3.9583333
1641	3.0
16410	3.0
16413	1.0
16416	3.0
16419	3.7877836
16422	1.5
16425	3.5
16428	3.0
16431	3.836607
16434	4.1063986
16437	2.5
1644	4.3472223
16440	3.1121526
16443	2.8333333
16446	4.166667
16449	2.8178573
16452	3.8733375
16455	3.0
16458	2.1111112
16461	3.2002194
16464	4.3244047
16467	2.75
1647	3.9791667
16470	3.8410714
16473	3.0
16476	3.85464
16479	3.21427
16482	3.4589286
16485	3.1666667
16488	2.0
16491	4.0953293
16494	3.309524
16497	3.986607
165	3.9760647
1650	3.4490004
16500	4.112437
16503	2.8333333
16506	2.3229167
16509	3.1
16512	3.75
16515	2.7857144
16518	2.0
16521	2.9166667
16524	4.2151713
16527	3.0
1653	1.5
16530	3.5333335
16533	3.125
16536	3.3197918
16539	2.7083333
16542	3.0
16545	3.5071428
16548	3.5134768
16551	3.183888
16554	3.6934526
16557	3.5714283
1656	2.775986
16560	3.0
16563	2.8104167
16566	4.0
16569	3.471922
16572	3.0594954
16575	4.0
16578	1.25
16581	3.5
16584	1.8333334
16587	4.468096
1659	3.7078655
16590	5.0
16593	4.0804925
16596	3.76777
16599	2.75
16602	3.6444445
16605	4.0002875
16608	2.3898811
16611	3.4583335
16614	3.2
16617	3.6145835
1662	2.3333333
16620	3.334694
16623	3.2222223
16626	3.114286
16629	3.339049
16632	3.6666667
16635	4.2083335
16638	2.3333333
16641	2.8822215
16644	4.04161
16647	4.125
1665	3.3124278
16650	2.4444444
16653	2.5
16656	2.6875
16659	2.7
16662	3.1256716
16665	1.5
16668	4.046329
16671	4.18497
16674	3.5819442
16677	3.2142856
1668	3.3310874
16680	1.9583333
16683	4.0
16686	1.5
16689	3.3416667
16692	3.6
16695	3.468006
16698	3.8432517
16701	3.7613096
16704	4.0
16707	3.7247458
16710	3.5333335
16713	3.486835
16716	3.0333333
16719	3.925
16722	3.84003
16725	3.7066665
16728	3.8535714
16731	3.5451388
16734	3.7194428
16737	2.6666667
1674	3.777778
16740	3.4149547
16743	1.625
16746	2.0
16749	3.75
16752	3.642857
16755	3.4415038
16758	3.2291665
16761	1.3333334
16764	3.0
16767	3.6665094
1677	1.1666666
16770	3.3079224
16773	4.0
16776	3.6666667
16779	3.1666667
16782	3.529167
16785	3.547619
16788	3.4645016
16791	3.355872
16794	2.7236314
16797	3.6125
168	3.4074404
16803	4.1895833
16806	3.3437502
16809	3.4482412
16812	3.5833333
16815	3.1666667
16818	3.0
16821	3.9285715
16824	3.2142856
16827	3.3333333
1683	2.654762
16830	2.8333333
16833	2.8461308
16836	3.375
16839	2.3333333
16842	3.1944447
16848	2.701463
16851	3.5833333
16854	3.9666665
16857	3.0
1686	3.642857
16860	4.238038
16863	3.0555556
16866	3.1333334
16869	3.3438694
16872	4.100325
16878	3.1
16881	3.1190474
16884	2.6666667
16887	3.5172617
1689	3.7594697
16890	3.5104167
16893	4.0
16896	3.25
16899	2.5
16902	4.225
16905	3.401515
16908	2.9820151
16911	4.0093746
16914	3.2142856
16917	3.6342757
1692	4.3323994
16920	4.0931225
16923	2.9444444
16926	3.1260474
16929	5.0
16932	3.102381
16935	3.6666667
16938	3.8958335
16941	4.058036
16944	2.775956
16947	3.9752984
1695	3.4166667
16950	1.8333334
16953	2.0
16956	4.123512
16959	3.9285715
16962	2.9
16965	4.0
16968	3.0
16971	2.5833333
16974	4.0
16977	3.055355
1698	4.5
16980	2.0
16983	3.952381
16986	3.703125
16989	1.75
16992	3.6571198
16995	3.8469348
16998	2.4
17001	3.7916667
17004	3.6239507
17007	3.5222223
1701	2.5833333
17010	3.7335625
17013	2.4166665
17016	5.0
17019	3.1666665
17022	3.4
17025	2.95625
17028	3.6375
17031	3.173804
17037	3.25
1704	3.7266545
17040	3.0
17043	3.4
17046	3.652778
17049	3.8
17052	4.0716853
17055	4.321429
17058	2.967609
17061	4.125
17064	3.4858515
17067	2.5
1707	3.8344212
17070	3.115919
17073	1.75
17076	2.8499997
17079	2.8056557
17082	2.9761906
17085	4.552055
17088	3.7638295
17091	2.1388888
17094	1.75
17097	3.0947428
171	3.752808
1710	3.46875
17100	2.9655871
17103	3.0407555
17106	2.8333333
17109	3.5904627
17112	3.666661
17115	1.75
17118	2.3333333
17121	1.6666666
17124	1.5
17127	3.0026927
1713	3.3333333
17130	3.6
17133	3.570268
17136	3.2807994
17139	1.25
17145	3.4
17148	2.5
17151	3.6785715
17154	3.926042
17157	4.3040547
1716	3.138889
17160	4.0
17163	2.902778
17166	3.0
17169	3.8122308
17172	3.75
17175	3.3002748
17178	3.9745128
17181	3.3447325
17184	3.8414233
17187	3.9929729
1719	3.0461679
17190	3.7708335
17193	1.8333334
17196	3.3848443
17199	3.8541665
17202	3.5
17205	3.0
17208	3.6
17211	4.087121
17214	2.5
17217	3.1666667
1722	3.3221724
17220	3.0
17223	3.892857
17226	2.7666667
17229	3.1911733
17232	2.6666667
17235	4.0972223
17238	2.6
17241	2.634003
17244	3.8229167
17247	3.4764102
1725	1.6666667
17250	4.030736
17253	4.0
17256	3.0
17259	3.7952225
17262	3.2636902
17265	2.8809526
17268	2.5714285
17271	3.097222
17274	2.377858
17277	3.043947
1728	3.7605858
17280	3.0929775
17283	3.722222
17286	2.0
17289	3.0
17292	3.8001704
17295	3.3136134
17298	3.6150794
17301	3.3333333
17304	3.6666667
17307	4.451656
1731	2.6
17310	3.2875
17313	3.2499998
17316	2.6944447
17319	3.8327274
17322	4.227083
17325	4.0
17328	4.0849524
17331	3.3333333
17334	2.6802082
17337	3.75
1734	3.396239
17340	3.75
17343	3.5059001
17346	3.7944906
17349	3.9160788
17352	4.0
17355	3.578515
17358	3.2712674
17361	2.941521
17364	4.0
17367	3.0
1737	3.142857
17370	3.4791667
17373	3.0238097
17376	3.0666666
17379	3.1090276
17382	3.1583335
17385	2.9880135
17388	2.6666665
17391	4.09375
17394	2.6
17397	3.8152597
174	4.0
1740	2.4444444
17400	1.0
17403	3.9184027
17406	3.0
17409	3.05
17412	3.9504993
17415	2.5394344
17418	4.0067368
17421	2.3333333
17424	4.034399
17427	3.7
1743	3.8353887
17430	1.5
17433	4.0
17436	3.8208332
17439	2.4
17442	2.5
17445	3.8333333
17448	3.3166668
17451	3.0
17454	2.892857
17457	3.6380951
1746	3.3971517
17460	3.63125
17463	1.3333334
17466	2.5827382
17469	3.5713384
17472	3.7357965
17475	3.35
17478	2.8
17481	3.2237523
17484	3.25
17487	3.162365
1749	3.797024
17490	3.7375
17493	3.3333333
17496	3.3333333
17499	3.913043
17502	2.5833333
17505	3.75
17508	3.8001232
17511	3.6804564
17514	2.95
17517	3.0555556
1752	3.5
17520	3.2222223
17523	4.0625
17526	3.9898753
17529	2.5553036
17532	3.5416665
17535	3.9714286
17538	4.2083335
17541	3.4366128
17544	3.3809526
17547	3.0173612
1755	2.4
17550	4.0
17553	1.5
17556	2.9904764
17559	3.2114205
17562	3.4440365
17565	2.9749258
17568	3.0
17571	3.6
17574	3.6241024
17577	1.3333334
1758	4.3333335
17580	2.9554281
17583	2.9895833
17586	2.8585024
17589	2.9640012
17592	2.9583335
17595	2.772222
17598	4.3666663
17601	4.0
17604	3.5
17607	2.838889
1761	3.625
17610	3.6666667
17613	3.75
17616	2.0
17619	4.111111
17622	3.1263397
17625	3.216445
17628	3.9016707
17631	4.0101643
17634	2.2916667
17637	1.5
1764	2.0
17640	3.0
17643	3.0
17646	3.3541667
17649	3.2964287
17652	3.625
17655	2.232143
17658	3.45
17661	4.082062
17664	3.5562499
17667	2.7333333
17670	3.4309523
17673	3.75
17676	2.8020835
17679	3.25
17682	4.3078785
17685	3.047619
17688	3.0
17691	4.4
17694	3.5
17697	3.0715744
177	3.0
1770	3.9015749
17700	3.7
17703	2.8128774
17706	3.5833333
17709	3.8513768
17712	4.5
17715	3.6279762
17718	2.6666667
17721	2.9761906
17724	3.7645342
17727	2.6666667
1773	4.1346936
17730	3.363313
17733	1.0
17736	1.3111111
17739	2.6666667
17742	2.5958333
17745	4.495238
17748	4.6666665
17751	3.9668155
17754	3.2
17757	3.65
1776	3.2604167
17760	2.3
17763	3.3645835
17766	3.5416667
17769	2.513168
1779	3.0
1782	2.8854165
1785	4.5
1788	3.432427
1791	2.0
1794	3.1307197
1797	3.38125
18	3.835806
180	3.7940476
1800	3.7416575
1803	3.497427
1806	3.25
1809	3.1
1812	1.75
1815	3.875
1818	3.9479167
1821	3.6504464
1824	3.4
1827	3.4375
183	3.75
1830	3.6815476
1833	2.866869
1836	3.0
1839	3.0983632
1842	4.322917
1845	2.6792657
1848	3.5564103
1851	3.3952382
1854	3.2040963
1857	4.2
186	3.1666667
1860	3.8232133
1863	3.7777777
1866	2.9250379
1869	2.3
1875	2.5625
1878	3.8801584
1881	2.5
1884	3.1668146
1887	3.75
189	3.350561
1890	3.7820704
1893	3.0166667
1896	3.0
1902	3.4092636
1905	4.1619663
1908	3.1666667
1911	3.8244045
1914	2.9761906
1917	3.9059525
192	2.5
1920	2.625
1923	3.8586993
1926	2.6375
1929	2.8333333
1932	2.9791665
1935	3.238095
1938	1.0
1941	3.9607143
1944	3.5
1947	4.4979224
195	3.4761906
1950	2.5
1953	1.625
1956	3.7256947
1959	3.7276592
1962	3.755539
1965	3.6354165
1968	2.6666667
1971	3.2953434
1974	3.918456
1977	2.75
198	3.5
1980	3.8333333
1983	3.321476
1986	3.3333333
1989	3.0
1992	2.0
1995	2.5
1998	3.2350695
2001	3.3598304
2004	2.6875
2007	3.2
201	3.5253787
2010	3.0104165
2013	3.0402777
2016	3.7895236
2019	4.2648807
2022	3.3145833
2025	3.4166667
2028	2.422619
2031	2.8333333
2034	3.8333335
2037	3.4498434
204	3.0
2040	4.410123
2043	3.790129
2046	2.4444444
2049	2.5
2052	2.8333333
2055	2.5333333
2058	2.0
2061	3.0
2064	3.4375
2067	3.8979168
207	2.25
2070	2.6666667
2073	3.0
2076	3.5833333
2079	2.6666667
2082	3.125
2085	4.0833335
2088	2.5
2091	3.6354165
2094	4.25
2097	3.3333333
21	3.5
210	3.125
2100	3.0416667
2103	3.4726326
2106	3.7857144
2109	2.7699182
2112	3.5353224
2118	3.0
2121	2.6666667
2124	3.0
2127	2.90625
213	3.4719386
2130	3.671379
2133	3.722222
2136	3.2145703
2139	3.5527215
2142	4.1583333
2145	4.5
2148	3.25
2151	2.3333333
2154	3.25
2157	4.0
216	3.1596072
2160	3.9791667
2163	2.9976585
2166	3.75
2169	3.0000002
2172	4.4138017
2175	3.5583334
2178	3.9861107
2181	3.1350198
2184	3.0
2187	4.75
219	3.0
2190	2.8
2193	2.8333335
2196	2.4444444
2199	3.3309865
2202	3.6
2205	4.604167
2208	3.4583333
2211	2.75
2214	3.9642856
2217	3.1252584
222	1.625
2220	3.9895833
2223	3.0833333
2226	3.9607143
2229	3.3214285
2232	3.6666667
2235	2.6477127
2238	3.625
2241	3.5
2244	2.8125
2247	1.9444445
225	2.7774603
2250	3.2
2253	3.6666667
2256	3.1229641
2259	4.375
2262	3.385466
2265	2.2428572
2268	4.0
2271	3.5607142
2274	1.6666666
2277	2.9642856
228	3.0
2280	5.0
2283	2.7916665
2286	2.8055553
2289	2.1666667
2292	2.9
2295	4.3333335
2298	4.125
2301	3.359375
2304	3.0126252
2307	2.8
231	3.0989585
2310	3.8729167
2313	3.25
2316	2.7479165
2319	4.0764008
2322	3.2395835
2325	3.6666667
2328	2.344742
2331	3.3635237
2334	2.375
2337	2.1974566
234	2.5
2340	2.912037
2343	2.3333333
2346	3.7398696
2349	4.1666665
2352	3.1474304
2355	3.875
2358	2.75
2361	1.3333334
2364	3.5
2367	5.0
237	3.3333333
2370	3.5042126
2373	3.75
2376	3.1620362
2379	3.7010083
2382	2.375
2385	3.7285795
2388	3.0552254
2391	3.3031223
2394	3.5359378
2397	3.5555556
24	3.153125
240	3.9493322
2400	2.7818322
2403	3.8666668
2406	4.2
2409	2.9078734
2412	3.59375
2415	3.3333333
2418	3.922024
2421	3.0
2424	3.5645833
2427	4.0
243	3.0
2430	4.1123414
2433	3.8717265
2436	3.5
2439	4.333333
2442	3.547619
2445	3.0
2448	4.246949
2451	2.1
2454	3.8952384
2457	3.645469
246	3.2142856
2460	3.3108225
2463	3.4157736
2466	2.5
2469	3.5476189
2472	2.4229167
2475	2.99053
2478	3.5512853
2481	1.0
2484	1.5
2487	2.875
249	3.5
2490	4.0833335
2493	3.4426832
2496	3.4625
2499	3.0162416
2502	2.75
2505	3.82195
2508	2.9166667
2511	2.8333335
2514	3.5555553
2517	3.95
252	3.379229
2520	2.675
2523	4.038889
2526	3.7666664
2529	3.6104167
2532	4.106291
2535	3.0
2538	1.9761906
2541	2.2
2544	3.809524
2547	3.404762
255	2.9140232
2550	2.5
2553	3.0
2556	3.3
2559	3.5125
2562	1.6666666
2565	2.513889
2568	4.3136444
2571	3.5
2574	2.8907123
2577	3.5729573
258	3.7
2580	3.547156
2583	3.6
2586	2.2222223
2589	2.8125
2592	4.0
2595	3.5235138
2598	4.25
2601	4.0077477
2604	3.6666667
2607	2.25
261	4.027778
2610	3.3035715
2613	3.9595852
2616	1.3333334
2619	3.6666667
2622	3.4108584
2625	4.1
2628	3.8214285
2631	3.4880955
2634	3.0
2637	3.3333333
264	3.8333333
2640	3.590733
2643	3.6296256
2646	2.0
2649	4.1666665
2652	3.6
2655	2.5
2658	3.0595238
2661	3.277778
2664	3.0
2667	2.25
267	3.5020833
2670	2.3125
2673	2.9958332
2676	3.9361112
2679	3.4166667
2682	3.0
2685	2.5833335
2688	4.125
2691	4.178571
2694	2.4761903
2697	3.0238094
27	1.75
270	4.3540373
2700	4.4166665
2703	4.0
2706	3.238095
2709	2.5
2712	3.5767126
2715	2.4
2718	3.5
2721	2.4166667
2724	3.6813853
2727	3.9829004
273	3.3265605
2730	2.8333333
2733	2.1333334
2736	4.5
2739	3.0714285
2742	2.5
2745	3.5
2748	3.0
2751	3.4533505
2754	4.238393
2757	3.5500493
276	1.5
2760	2.4
2763	2.852381
2766	2.5
2769	3.8838744
2772	3.2222223
2775	3.2466269
2778	3.9122024
2781	3.5
2784	3.2770832
2787	3.790476
279	3.4583333
2790	2.0
2793	2.6
2796	3.9946084
2799	4.0
2802	3.6458333
2805	3.0
2808	3.60625
2811	4.2625
2814	2.869643
2817	3.0
282	3.8333333
2820	3.6
2823	3.6997588
2826	3.7333336
2829	1.5
2832	3.1666667
2835	3.0
2838	2.607143
2841	3.025
2844	3.3333333
2847	3.4742408
285	3.3772218
2850	3.6666667
2853	3.1309524
2856	2.586111
2859	2.6799998
2862	4.316805
2865	3.7188113
2868	3.089045
2871	2.2
2874	3.5471265
2877	2.8
288	3.4293153
2880	3.4930556
2883	2.4
2886	4.214286
2889	3.3843968
2892	3.809524
2895	4.2714286
2898	3.0357144
2901	2.0
2904	4.0
2907	3.3333333
291	1.6666666
2910	3.0833333
2913	3.989002
2916	3.3194628
2919	2.8
2922	3.7073627
2925	4.083333
2928	4.260417
2931	2.6053572
2934	3.75
2937	3.3055556
294	3.027778
2940	3.0500894
2943	3.2777777
2946	3.8333333
2949	2.6963224
2952	3.125
2955	3.826504
2958	3.46875
2961	2.0
2964	3.1666667
2967	3.2191334
297	2.9208333
2970	1.7
2973	1.75
2976	3.2708333
2979	3.0
2982	2.4305556
2985	3.6547618
2988	2.7732067
2991	4.6666665
2994	3.0833333
2997	3.0666666
3	3.7723215
30	3.758286
300	2.5
3000	3.1040676
3003	3.7229166
3006	3.1333334
3009	3.7346091
3012	3.9102
3015	2.875285
3018	3.452381
3021	1.9938219
3024	3.125
3027	2.0
303	3.3
3030	3.6515613
3033	5.0
3036	3.0
3039	3.5520833
3042	3.0
3045	2.75
3048	3.4285715
3051	3.0
3054	3.5160172
3057	4.114583
306	3.375
3060	2.4
3063	3.0208335
3066	2.5
3069	2.6666667
3072	3.3166664
3075	3.309524
3078	4.1309986
3081	3.7693453
3084	3.0599244
3087	3.0
309	2.6
3090	3.1812143
3093	2.9184937
3096	2.25
3099	4.0
3102	3.512933
3105	2.75
3108	3.5
3111	3.1484623
3114	3.4
3117	3.9285715
312	3.7348928
3120	3.991109
3123	2.4166667
3126	2.5833333
3129	3.0089285
3132	2.3333333
3135	3.3431306
3138	3.5528054
3141	2.3444445
3144	2.6666667
3147	3.8746324
315	4.0
3150	3.9632683
3153	3.926817
3156	2.8333333
3159	3.217262
3162	1.0
3165	3.5769155
3168	3.7555232
3171	3.7
3174	2.67766
3177	4.197917
318	2.25
3180	4.3
3183	3.9485388
3186	3.375
3189	2.0
3192	2.821979
3195	4.2
3198	3.2859516
3201	3.6
3204	2.1666667
3207	3.6807466
321	2.0
3210	2.937294
3213	3.6666667
3216	3.7091744
3219	1.7
3222	3.5780478
3225	3.242314
3228	3.125
3231	3.71875
3234	3.0
3237	3.2372024
324	3.1
3240	4.09375
3243	2.8333335
3246	2.3
3249	2.65625
3252	2.5
3255	2.2916667
3258	3.3125
3261	1.25
3264	2.7545455
3267	3.5572288
327	3.1666667
3270	4.1
3273	3.3055556
3276	3.9039888
3279	4.125
3282	3.3938777
3285	3.8491445
3288	3.6666665
3291	3.309524
3294	3.5
3297	3.0
33	4.1002784
330	3.4751036
3300	3.4
3303	4.1445575
3306	3.3104663
3309	3.08747
3312	3.1216755
3315	4.0439477
3318	3.625
3321	3.1313722
3324	3.7737865
3327	2.904762
333	3.9444447
3330	3.9285715
3333	3.273643
3336	3.3
3339	3.5
3342	3.7874866
3345	4.625
3348	4.0836487
3351	2.75
3354	3.9670138
3357	2.6937501
336	1.0
3360	3.1666667
3363	2.0
3366	4.0
3369	3.8853266
3372	2.1666667
3375	3.1607144
3378	2.0
3381	4.3333335
3384	3.5642362
3387	3.4333336
339	4.5
3390	3.6062498
3393	2.75
3396	4.5
3399	2.8333333
3402	3.4092264
3405	3.9098742
3408	3.3897176
3411	2.4
3414	3.5620222
3417	2.0
342	3.7739584
3420	3.3281724
3423	3.88114
3426	3.2142856
3429	2.0
3432	3.2520833
3435	2.5
3438	4.21875
3441	3.0892134
3444	4.522229
3447	1.875
345	4.296472
3450	3.6944444
3453	3.9078074
3456	4.7102623
3459	2.5
3462	3.0
3465	3.2
3468	5.0
3471	3.1632652
3474	3.25
3477	2.4166667
348	3.3537502
3480	3.461039
3483	3.6666667
3486	3.1770835
3489	3.6472304
3492	3.25
3495	3.8777204
3498	4.25
3501	4.0
3504	2.375
3507	3.0666666
3510	3.548362
3513	3.9823444
3516	4.6666665
3519	1.25
3522	3.0356293
3525	2.9231648
3528	4.0
3531	2.9333334
3534	3.03125
3537	3.0
354	1.1666666
3540	3.0
3543	2.0
3546	3.8315477
3549	2.4
3552	2.6666667
3555	2.4285715
3558	3.75
3561	1.7428571
3564	3.125
3567	2.2170892
357	3.484825
3570	3.8427083
3573	2.348472
3576	2.5833333
3579	3.256639
3582	3.6851268
3585	2.4375
3588	3.5714285
3591	3.5416667
3594	3.0
3597	2.3333333
36	3.0848215
360	2.3780258
3600	2.7857144
3603	4.0
3606	2.9761906
3609	5.0
3612	3.926536
3615	3.834159
3618	1.0
3621	2.0
3624	3.9528654
3627	3.6666667
363	2.640377
3630	3.375
3633	4.1309524
3636	3.5
3639	2.7
3642	2.736012
3645	2.3333333
3648	3.64258
3651	2.8055553
3654	3.516667
3657	2.632639
366	3.25
3660	2.6666667
3663	4.0
3666	3.6666667
3669	2.5
3672	3.5417929
3675	2.9666667
3678	2.2261903
3681	2.6666667
3684	3.8363879
3687	4.227778
369	3.28125
3690	3.4904761
3693	4.0
3696	3.0587661
3699	3.63125
3702	3.8666668
3705	3.25
3708	3.5000002
3711	3.0
3714	2.9109645
3717	3.8333335
372	2.3333333
3720	2.7857144
3723	3.0
3726	2.6666667
3729	2.875
3732	2.5
3735	2.6666665
3741	3.3
3744	3.888889
3747	3.8785717
375	3.1085622
3750	3.1333334
3753	1.0
3756	3.0400062
3759	2.7997024
3762	3.75
3765	3.3066018
3768	2.847186
3771	4.25
3774	3.0
3777	3.9152887
378	2.9659336
3780	4.0
3783	2.9642856
3786	4.1666665
3789	3.6777775
3792	1.7
3795	4.25
3798	4.1638966
3801	3.6825867
3804	3.3083332
3807	3.5436356
381	3.343387
3810	2.8662126
3813	2.9583333
3816	3.2133644
3819	3.3333333
3822	3.5
3825	3.4631855
3828	3.4107144
3831	3.5
3834	2.25
3837	4.3
384	3.6955783
3840	3.2582507
3843	2.6666667
3846	3.5
3849	1.5285714
3852	3.9479167
3855	2.75
3858	2.8051705
3861	2.3333333
3864	4.248113
3867	2.2
387	3.7857144
3870	3.2297494
3873	3.125
3876	3.142857
3879	3.9121544
3882	2.7522323
3885	3.2
3888	3.9471157
3891	3.6666667
3894	2.983639
3897	3.0
39	2.7208333
390	2.609482
3900	3.9193695
3903	3.7452881
3906	3.4583333
3909	4.5357146
3912	3.21875
3915	4.02517
3918	3.6666667
3921	3.4225802
3924	4.5
3927	3.9574406
393	3.377617
3930	1.0
3933	3.638889
3936	3.0384157
3939	3.75
3942	2.9808235
3945	2.6666667
3948	2.904762
3951	2.9642854
3954	3.916313
3957	2.75
396	2.25
3960	3.7158027
3966	3.6392012
3969	3.6
3972	3.5049195
3975	3.3322406
3978	2.825
3981	2.4285715
3984	3.5378966
3987	4.042857
399	2.5
3990	3.281746
3993	3.1979167
3996	2.3
3999	3.9761827
4002	2.4
4005	3.7604167
4008	3.8729165
4011	3.6862638
4014	2.822222
4017	3.0
402	2.75
4020	4.5
4023	2.25
4026	2.7708335
4029	3.966667
4032	3.0
4038	3.2777777
4041	4.416667
4044	2.0
4047	2.527778
405	3.7051241
4050	3.4895833
4053	4.0
4056	2.9845033
4059	3.5
4062	3.4
4065	3.0
4068	2.5302083
4071	3.5
4074	3.576389
4077	2.25
408	3.2914014
4080	3.459015
4083	3.0
4086	3.308243
4089	3.3715827
4092	3.4850695
4095	3.0952382
4098	4.3209376
4101	2.0
4104	3.8666668
4107	2.875
411	2.5
4110	3.4
4113	3.0
4116	4.079167
4119	3.4510417
4122	3.56875
4125	3.75
4128	3.3333333
4131	2.8721726
4134	4.0
4137	2.9583333
414	3.0510201
4140	2.690476
4143	4.0
4146	3.0916665
4149	3.4068594
4152	2.8333333
4155	3.7026076
4158	3.3333333
4161	3.6378472
4164	3.8401787
4167	3.4529762
417	4.454167
4170	1.5
4173	2.7867064
4176	3.0
4179	4.0956845
4182	3.0277777
4185	4.169193
4188	5.0
4191	4.25
4194	4.266667
4197	2.7395833
42	5.0
420	3.6873512
4200	3.5
4203	4.25
4206	5.0
4209	3.2904763
4212	2.7333333
4215	3.5
4218	3.6
4221	3.1145835
4224	3.1039684
4227	3.6661677
423	2.9
4230	2.75
4233	3.4444444
4236	3.0
4239	2.25
4242	3.5
4245	2.5
4248	3.3174539
4251	3.4
4254	3.425744
4257	3.4739585
426	3.1668682
4260	3.3114002
4263	2.709864
4266	3.7348032
4269	3.0110621
4272	4.0
4275	3.0
4278	2.8526785
4281	3.1012287
4284	4.120659
4287	2.4711938
429	3.414236
4290	3.2646825
4293	2.86875
4296	3.3958333
4299	3.6064484
4302	3.8043635
4305	3.8333333
4308	3.0708334
4311	1.0
4314	2.5
4317	3.2177086
432	4.0130486
4320	3.7477586
4323	3.5952382
4326	2.3333335
4329	2.6666667
4332	4.0
4335	3.4880953
4338	1.0
4341	3.3872232
4344	3.1
4347	4.3333335
435	3.3333335
4350	4.008333
4353	4.2936726
4356	3.6596618
4359	2.5
4362	2.0
4365	2.5
4368	2.5333333
4371	2.861111
4374	3.0960429
4377	2.3894255
438	3.3071055
4380	3.2919931
4383	4.4095316
4386	3.472465
4389	3.3518362
4392	3.9038885
4395	3.0
4398	3.1886904
4401	3.9
4404	2.5
4407	4.0376983
441	4.4166665
4410	3.875
4413	2.9660714
4416	3.0
4419	3.8151784
4422	3.0
4425	2.5
4428	4.0
4431	2.5
4434	3.4285715
444	3.3333333
4440	2.6666667
4443	2.875
4446	3.0
4449	4.025
4452	2.8374999
4455	4.3333335
4458	2.4444444
4461	3.5416667
4464	3.0
4467	3.642857
4470	3.5333335
4473	3.3095238
4476	4.114583
4479	3.7648184
4482	2.7622025
4485	3.479242
4488	3.536378
4491	3.0
4494	2.5
4497	2.7142856
45	2.8363094
450	3.1666667
4500	3.0
4503	3.2379274
4506	3.921742
4509	4.084916
4512	2.726389
4515	3.4089286
4518	3.375
4521	3.9032738
4524	3.5513275
4527	3.1
453	3.547619
4530	2.3
4533	3.2427344
4536	3.5729165
4539	5.0
4542	3.875
4545	3.941042
4548	3.1333334
4551	3.5
4554	4.375
4557	3.4755442
456	3.703926
4560	2.0
4563	3.082197
4566	4.0
4569	3.0764205
4572	3.2666664
4575	3.8082342
4578	2.986607
4581	3.695201
4587	2.8873856
459	3.4465642
4590	3.3585236
4593	3.5
4596	3.257481
4599	4.0033393
4602	3.7244897
4605	2.5
4608	4.0
4611	2.3333333
4614	5.0
4617	3.5
462	4.0333333
4623	3.4
4626	4.0375
4629	3.6067712
4632	3.6333337
4635	3.0
4638	2.0277777
4641	3.3663104
4644	2.755922
4647	2.8333335
465	3.0
4650	3.4444447
4653	3.9
4656	3.8188012
4659	2.4285715
4662	4.1
4665	3.0
4668	3.0
4671	3.3551204
4674	3.25
4677	2.9741287
468	3.5114844
4680	3.4200854
4683	3.3088148
4686	3.0733812
4689	4.052083
4692	3.7520835
4695	3.5550504
4698	3.3445218
4701	3.1625
4704	3.7407303
4707	3.3333333
471	4.0844593
4710	3.6666667
4713	3.0833333
4716	4.0
4719	3.9345825
4722	3.25
4725	3.675
4728	3.0
4731	2.6
4734	2.6
4737	2.3333333
474	3.413239
4740	3.3321686
4746	3.1785715
4749	3.5
4752	3.6489894
4755	2.6666667
4758	3.3958335
4761	3.2945862
4764	3.5
4767	3.3638444
477	3.9136906
4770	3.1875
4773	3.2706792
4776	3.0
4779	3.3848436
4782	2.0
4785	3.1041667
4788	1.8
4791	3.121875
4794	2.9
4797	3.75
48	3.6902673
480	3.0
4800	2.0
4803	3.5
4809	2.75
4812	3.4342804
4815	3.6959136
4818	3.0
4821	2.5
4824	3.582529
4827	2.277778
483	3.4663546
4830	4.169981
4833	3.1619928
4836	3.75
4839	3.5
4842	3.0625
4845	3.5435362
4848	3.9889455
4851	2.8
4854	3.6666667
4857	3.9655466
486	3.698554
4863	4.0
4866	3.431742
4869	3.4831846
4872	2.0833335
4875	1.9166666
4878	3.2207432
4881	3.6577303
4884	4.139882
4887	3.3364582
489	3.5056565
4890	3.3173807
4893	2.5
4899	1.75
4902	3.3938034
4905	2.6666667
4908	2.75
4911	5.0
4914	3.1325223
4917	1.9333334
492	3.1297617
4920	4.05
4923	2.4964647
4926	3.169458
4929	3.0
4932	3.5707614
4935	3.0
4938	2.8333333
4941	2.5
4944	4.0625
4947	3.8308036
495	2.9761903
4950	3.5
4953	3.4341857
4956	3.983955
4959	3.4285715
4962	4.2
4965	3.5
4968	3.7333336
4971	3.2214286
4974	3.5
4977	3.573099
498	4.5
4980	3.3611114
4983	4.5
4986	3.0
4989	2.75
4992	2.875
4995	2.850367
4998	2.75
5001	2.7916667
5004	3.8542638
5007	2.8333333
501	3.7752745
5010	3.2554424
5013	2.8333333
5016	3.5690522
5019	2.375
5022	3.53125
5025	3.825601
5028	2.25
5031	3.1190474
5034	2.75
5037	3.5
504	4.0947914
5040	4.039678
5043	3.6958334
5046	4.5
5049	2.5
5052	3.7529762
5055	3.4619172
5058	3.9333332
5061	3.3452382
5064	3.46875
5067	3.2083335
507	3.668155
5070	3.0
5073	3.0695074
5076	3.1643887
5079	3.625
5082	3.5
5085	3.972962
5088	1.5
5091	3.5
5094	3.7375
5097	3.5125
51	3.8333333
510	1.6666666
5100	4.5
5103	4.488674
5106	2.662355
5109	3.5833333
5112	3.523333
5115	3.0
5118	3.3232057
5121	2.9706755
5124	2.0
5127	2.4444444
513	2.2333333
5130	2.5637324
5133	2.5
5136	4.111111
5139	3.648611
5142	3.5
5145	3.8238096
5148	3.5833333
5151	3.7990632
5154	3.4396594
5157	3.2
516	3.782792
5160	3.3333333
5163	2.75
5166	4.081945
5169	3.8464832
5172	2.875
5175	3.1885417
5178	3.375
5181	3.576804
5184	3.388889
5187	3.7850697
519	3.75
5190	3.6245224
5193	1.0
5196	2.9666665
5199	2.5006945
5202	4.05
5205	3.2916665
5208	2.469345
5211	3.3333333
5214	3.71875
5217	3.4583333
522	3.2142856
5220	2.8824005
5223	3.5107732
5226	3.7942274
5229	4.1527777
5232	4.055556
5235	2.7128267
5238	4.1
5241	2.125
5244	3.4191558
5247	4.3333335
525	2.0
5250	3.4061608
5253	3.5757637
5256	2.5
5259	2.3333333
5262	3.2
5265	2.0
5268	3.9925597
5271	2.238095
5274	2.5833333
5277	3.296875
528	2.940775
5280	3.952676
5283	4.2795596
5286	2.7738097
5289	3.5
5292	4.3977
5295	3.1166666
5298	3.6662154
5301	2.8333333
5304	3.329735
5307	3.0
531	2.777778
5310	2.0
5313	2.3333333
5316	4.0
5319	3.81875
5322	3.3333333
5325	3.487103
5328	2.9600961
5331	3.0
5334	3.9
5337	2.3333333
534	3.2842464
5340	2.75
5343	4.0815477
5346	2.5
5349	2.0
5352	2.8809524
5355	3.1300595
5358	3.357143
5361	3.5238094
5364	3.1666667
5367	3.0324342
537	2.6
5370	2.3333333
5373	2.3333333
5376	1.5
5379	4.2291665
5382	3.8333333
5385	3.3982754
5388	3.5
5391	3.6092772
5394	3.3325891
5397	3.9791667
54	2.75
540	2.75
5400	3.9761906
5403	3.7410715
5406	3.6757326
5409	3.0
5412	2.4166667
5415	2.976289
5418	3.5833333
5421	3.685062
5424	4.0
5427	3.0
543	3.3374999
5430	3.7447186
5433	3.325
5436	2.0625
5439	3.5
5442	2.75
5445	4.0077105
5448	3.2586722
5451	3.0
5454	3.2
546	2.6
5460	3.75
5463	3.6666667
5466	3.5833333
5469	2.6666667
5472	3.5363822
5475	3.6619048
5478	1.75
5481	3.0606556
5484	3.0
5487	2.9166667
549	3.5
5490	4.0
5493	3.4707267
5496	3.7166486
5499	2.6036417
5502	3.954167
5505	3.75
5508	3.865341
5511	3.4624999
5514	2.35
5517	3.7708335
552	3.4523811
5520	4.125
5523	3.0
5526	4.0
5529	3.2619045
5532	3.5714285
5535	4.0
5538	3.934443
5541	3.25
5544	3.4178078
5547	2.4166667
555	4.053869
5550	2.5
5553	3.904762
5556	3.5233333
5559	4.056547
5562	3.8195736
5565	3.3208332
5568	1.5
5571	3.82566
5574	3.3
5577	4.20005
558	3.9428573
5580	3.0
5583	2.8358858
5586	1.6666666
5589	3.0557914
5592	2.5
5595	2.625
5598	3.8357394
5601	3.8697293
5604	2.5791419
5607	3.4552658
561	3.8944445
5610	2.75
5613	2.3333333
5616	3.9479167
5619	3.3333333
5622	3.0224159
5625	3.319376
5628	3.1733856
5631	2.875
5634	4.0
5637	2.5333333
564	3.2018697
5640	3.1937501
5643	2.0
5646	3.8215652
5649	2.5
5652	3.7283115
5655	3.8081846
5658	3.4572167
5661	3.4285715
5664	2.5
5667	2.9045303
567	3.5
5670	3.2262897
5673	3.6666667
5676	2.4666667
5679	2.691369
5682	2.6666667
5685	3.5
5688	4.25
5691	4.0
5694	2.5
5697	3.4166667
57	3.846276
570	2.1666667
5700	4.310342
5703	3.4583333
5706	3.8333333
5709	2.8055556
5712	2.8690474
5715	3.0
5718	3.30625
5721	3.1666667
5724	3.8125
5727	3.5563214
573	2.625
5730	3.2327654
5733	4.25
5736	3.7291665
5739	4.0
5742	4.1395836
5745	3.5
5748	3.875
5751	2.8727527
5754	2.5
5757	3.0
576	3.59375
5760	4.4742646
5763	2.3
5766	2.6944447
5769	2.0
5772	3.5208333
5775	3.7840614
5778	3.5838165
5781	3.5
5784	3.6666667
5787	3.948875
579	4.0883927
5790	1.875
5793	3.5681584
5796	2.3333333
5799	3.202381
5802	2.8586311
5805	3.955299
5808	4.064236
5811	2.5
5814	2.9935675
5817	3.0
582	2.9568453
5820	2.5142858
5823	3.1293316
5826	3.7708333
5829	3.5
5832	2.3
5835	2.5
5838	3.14375
5841	3.0555553
5844	2.738095
5847	3.5619583
585	3.7886903
5850	1.75
5853	2.702381
5856	3.666065
5859	3.7222223
5862	3.8828344
5865	4.0
5868	4.0
5871	3.48125
5874	1.6666666
5877	2.9618628
588	3.528472
5880	3.6666667
5883	3.5714285
5886	4.226378
5889	2.4666667
5892	3.6666667
5895	3.509551
5898	4.0833335
5901	4.0
5904	2.8
5907	2.9708333
591	2.8888886
5910	3.125
5913	3.5
5916	3.625
5919	3.7497826
5922	3.9042072
5925	2.8062499
5928	3.551818
5931	2.5
5937	2.9380953
594	1.9
5940	3.3166664
5943	3.350743
5946	3.548958
5949	3.4791667
5952	3.3885348
5955	3.8242447
5958	3.6391752
5961	3.375
5964	4.25
5967	3.347077
597	3.3333333
5970	3.622761
5973	3.0
5976	2.0
5979	2.7
5982	3.4034898
5985	2.7857144
5988	2.8148675
5991	3.5849912
5994	3.0
5997	3.6984742
6	3.2083333
60	2.5
600	3.442468
6000	3.0
6003	3.8103175
6006	2.5555556
6009	1.5
6012	3.580815
6015	3.7619045
6018	2.921346
6021	3.4196727
6024	3.128125
6027	3.5372822
603	2.5
6030	3.8795943
6033	3.9791667
6036	4.56
6039	2.8333333
6042	3.0402122
6045	2.0333333
6048	3.904762
6051	3.684375
6057	3.0778816
606	3.70625
6060	3.0905209
6063	3.7916667
6066	3.5925477
6069	2.6666667
6072	3.4876356
6075	3.6666667
6078	2.0
6081	2.8
6084	2.6562226
6087	3.857143
609	3.792517
6090	3.5714285
6093	4.109375
6096	3.2006946
6099	4.0037208
6102	3.7185967
6105	2.2
6108	1.8333334
6111	2.0
6114	3.1580458
6117	3.9553473
612	2.625
6120	3.3135204
6123	3.0170636
6126	3.142857
6129	3.0833333
6132	3.6055555
6135	4.0
6138	4.3552084
6141	2.75
6144	3.89375
6147	2.616617
615	3.428301
6150	3.6458333
6153	2.2916667
6156	3.3333333
6159	2.0
6162	3.7679715
6165	3.1785715
6168	3.2619045
6171	3.477462
6174	2.797639
6177	3.6163638
618	3.0833333
6180	3.1111932
6183	2.3333333
6186	2.6666667
6192	2.7333333
6195	3.1947207
6198	3.4166667
6201	3.797789
6204	3.9171085
6207	3.144221
621	3.7562885
6210	2.8333335
6213	3.0
6216	2.3333333
6219	3.6680088
6222	3.5347042
6225	3.3
6228	3.5625
6231	3.4828205
6234	3.461618
6237	3.2905407
624	3.486607
6240	3.9284143
6243	3.4760864
6246	3.3333333
6249	4.1163263
6252	1.6666666
6255	2.9742782
6258	2.25
6261	2.0
6264	2.7563987
6267	3.559774
627	4.0
6270	3.2916667
6273	3.2838836
6276	2.5
6279	3.1
6282	1.8333334
6285	3.0625
6288	1.8
6291	3.0642362
6294	3.5520835
6297	3.25
63	4.0
630	2.3333333
6300	3.7857144
6303	4.2395835
6306	3.3528273
6309	3.9708333
6312	2.25
6315	3.0388641
6318	3.5511904
6321	4.25
6324	3.8576298
6327	3.4992917
633	3.5357144
6330	3.3274305
6333	3.4071429
6336	3.4966822
6339	3.763481
6342	1.0
6345	2.6225286
6348	1.8333334
6351	3.0
6354	2.5
6357	3.0689971
636	3.556459
6360	3.3333333
6363	2.5
6366	3.5462677
6369	3.4
6372	3.3943589
6375	3.5166667
6378	3.8461633
6381	2.2
6384	2.1666667
6387	2.524256
639	3.5
6390	5.0
6393	2.0
6396	3.2680557
6399	4.0833335
6402	2.4444444
6405	3.0
6408	3.8723338
6411	3.2142856
6414	3.0
6417	3.4047618
642	3.4434524
6420	2.5952382
6423	2.8888886
6426	5.0
6429	3.9666665
6432	3.2777777
6435	3.125
6438	3.8376489
6441	4.3333335
6444	3.625
6447	2.7395833
645	3.9459767
6450	4.106679
6453	3.3333333
6456	2.951389
6459	2.7708333
6462	3.5295455
6465	3.5
6468	4.25
6471	2.0
6474	1.0
6477	2.0
648	3.75
6480	1.8
6483	4.0
6486	3.7050338
6489	4.5
6492	3.927232
6495	3.222132
6498	2.5550246
6501	2.5425594
6504	3.6354167
6507	3.0875
651	3.0
6510	3.9816842
6513	3.4285715
6516	2.875
6519	3.0833333
6522	5.0
6525	2.6666665
6528	4.186357
6531	1.8005953
6534	3.5353174
6537	3.3333333
654	2.5
6540	2.0
6543	3.111111
6546	3.5
6549	3.0
6552	3.143474
6555	3.288617
6558	2.75
6561	2.75
6564	3.6196969
6567	3.0266666
657	4.2049603
6570	3.3333333
6573	3.0
6576	3.3541667
6579	5.0
6582	3.3258116
6585	2.9097705
6588	3.2291667
6591	3.135913
6594	2.4
6597	2.3333333
66	2.0
660	3.7997127
6600	2.0
6603	3.75
6606	2.703125
6609	3.0243225
6612	3.5648043
6615	3.859873
6618	3.1254365
6624	3.4166667
6627	4.2
663	4.291667
6630	3.2172854
6633	4.2371955
6636	2.4
6639	3.4714284
6642	3.8843768
6645	4.0
6648	3.4900372
6651	3.3333333
6654	3.642857
6657	3.375
666	3.4
6660	2.25
6663	2.625
6666	3.6187181
6669	3.2212799
6672	3.3333333
6675	2.9375
6678	2.5
6681	4.241667
6684	4.0
6687	3.0222807
669	2.5
6690	4.12492
6693	3.9084835
6696	4.125
6699	3.6666667
6702	3.5727203
6705	1.375
6708	3.4598799
6711	2.625
6714	3.6
6717	3.861111
672	2.979431
6720	3.8817406
6723	3.875
6726	3.3074543
6729	3.5067103
6732	2.457143
6735	3.353427
6738	4.05625
6741	3.6688988
6744	3.0761902
6747	3.6389883
675	2.6666667
6750	4.166667
6756	3.988686
6759	2.02
6762	3.5
6765	2.6666667
6768	3.0125
6771	3.253519
6774	2.0
6777	3.0
678	3.2666664
6780	4.0
6783	3.25
6786	3.866986
6789	3.5
6792	2.375
6795	3.2729168
6798	3.0
6801	2.625
6804	3.5465744
6807	3.947084
681	3.4364786
6810	3.5634394
6813	3.0
6816	3.5585785
6819	4.5
6822	2.3975694
6825	3.3333333
6828	1.625
6831	3.4285715
6834	3.9356468
6837	3.2278912
684	2.25
6840	2.4166667
6843	2.4285715
6846	3.7445912
6849	3.7480156
6852	3.3666668
6855	1.5
6858	3.2142856
6861	3.6458333
6864	2.875
687	3.0
6870	3.3
6873	4.6
6876	2.0
6879	1.9
6882	4.101634
6885	3.25
6888	2.5
6891	1.0
6897	3.0
69	3.5
690	3.9761906
6900	2.75
6906	3.75
6909	2.3333333
6912	3.605046
6915	3.5555553
6918	3.166783
6921	4.3333335
6924	2.977381
6927	3.4405262
693	2.9256945
6930	3.074556
6933	1.3333334
6936	2.4791665
6939	4.214286
6942	3.4527857
6945	3.3428571
6948	2.8194895
6951	2.53125
6954	4.0
6957	3.285951
696	3.4814777
6960	3.7811313
6963	3.0
6966	2.7347848
6969	3.596875
6972	3.565214
6975	1.0
6978	2.9131448
6984	1.3333334
6987	2.75
699	4.0833335
6990	3.0
6993	2.5277777
6996	2.6666667
6999	2.5
7002	2.4166667
7005	2.6111112
7008	3.111111
7011	3.0
7014	3.9463065
7017	3.3854167
702	2.6
7020	3.8
7023	3.125
7026	4.0
7029	1.9722222
7032	3.3251798
7035	5.0
7038	3.5375001
7041	4.305556
7044	3.0
7047	4.1862826
705	3.6705754
7050	3.0
7053	3.4892857
7056	3.809524
7059	2.1547618
7062	3.0
7065	2.9166667
7068	3.0
7071	3.4450207
7074	4.0443177
7077	2.673923
708	3.4111013
7080	2.875
7083	2.2401462
7086	4.133333
7089	2.0
7092	3.0
7095	2.875
7098	2.5
7101	3.5
7104	3.8404758
711	3.6120427
7110	4.286861
7113	4.266667
7119	4.0863094
7122	3.25
7125	3.4705791
7128	3.6666667
7131	3.6418836
7134	3.45625
7137	3.3333333
714	2.0
7140	3.4666667
7143	4.1666665
7146	2.7883928
7149	2.9469943
7152	2.2791667
7155	3.7066374
7158	4.342897
7161	4.0793653
7164	3.4285715
7167	2.1
717	3.094017
7170	4.095238
7173	3.6594365
7176	2.7133927
7179	3.9859223
7182	2.7291667
7185	3.3
7188	4.2
7191	1.75
7194	4.2
7197	3.2754273
72	4.041667
720	3.839605
7200	1.5
7203	3.357143
7206	3.8020833
7209	3.1464024
7212	3.4166665
7215	3.1979167
7218	2.6275508
7221	3.2369533
7224	2.9432542
7227	3.2916667
723	3.0211985
7230	4.707059
7233	4.1675634
7236	2.3333333
7239	4.0137053
7242	3.6844888
7245	3.0982943
7248	2.7142856
7251	3.0416667
7254	2.9166667
7257	3.4838426
726	1.3333334
7260	3.25
7263	3.6666667
7266	3.5
7269	3.309524
7272	2.3055556
7275	3.2989266
7278	3.2333336
7281	3.350194
7287	3.6666667
729	3.0
7290	3.222222
7293	3.7553086
7296	3.1666667
7299	2.777778
7302	4.2406745
7305	3.5
7308	3.4061518
7311	3.375
7314	3.4842265
7317	2.0
732	3.1930919
7320	2.6
7323	3.40625
7326	2.0
7329	2.5555556
7332	3.7546625
7335	2.0
7338	3.011905
7341	2.25
7344	3.54375
7347	3.5843055
735	3.5
7350	2.872768
7353	1.8333334
7356	3.3030868
7359	3.9214284
7362	4.0888886
7365	3.3333335
7368	4.0540676
7371	3.2574775
7374	2.9722223
7377	2.5
738	3.2619045
7380	2.6666667
7383	3.1309102
7386	3.0
7389	3.4875
7392	3.7012076
7395	3.4144716
7398	2.6666667
7401	3.2508628
7404	3.140545
7407	3.35
741	3.75
7410	3.4
7413	3.75
7416	4.123762
7419	3.6290536
7422	2.5809522
7425	2.495238
7428	2.7142856
7431	3.6714287
7434	3.6554775
7437	2.6041667
744	4.0
7440	3.5
7443	2.5
7446	4.3738093
7449	4.1
7452	2.357143
7455	2.6333332
7458	2.0
7461	2.5555556
7464	3.642857
7467	2.875
747	5.0
7470	3.5570076
7473	3.7812502
7476	2.6666667
7479	1.9
7482	2.75
7485	3.3302622
7488	2.9333334
7491	3.0
7494	3.6790247
7497	2.0
75	1.8333334
750	3.339385
7500	3.3333333
7503	2.0
7506	3.0
7509	3.3919766
7512	2.9
7515	1.8
7518	2.414881
7521	3.1641495
7524	2.9657824
7527	3.0
753	4.0
7530	3.0
7533	3.2979417
7536	2.4710884
7539	4.53125
7542	3.0208335
7545	3.3899446
7548	3.0
7551	4.25
7554	2.8125
7557	3.5809524
756	2.0
7560	2.84375
7563	3.2684858
7566	3.2232018
7569	4.481282
7572	3.260615
7575	2.986111
7578	3.3270833
7581	4.5
7584	3.9813335
7587	1.8041667
759	3.1574335
7590	3.7291272
7593	3.6666667
7596	3.9675083
7599	3.7278583
7602	2.5772593
7605	4.106784
7608	3.0
7611	4.042857
7614	2.6666667
7617	3.7085683
762	4.1361113
7620	4.042857
7623	2.0
7626	2.8333333
7629	3.648593
7632	2.3262997
7635	2.935581
7638	3.385417
7641	3.4623015
7644	3.8958333
7647	3.5836635
765	2.6875
7650	3.439273
7653	4.3333335
7656	2.625
7659	3.1449156
7662	3.1708336
7665	3.0238094
7668	4.0
7671	3.3324828
7674	3.1440341
7677	3.5
768	3.05
7680	3.5555556
7683	4.276471
7686	3.4734623
7689	4.0
7692	3.1
7695	4.247439
7698	3.1622024
7701	3.8022578
7704	3.2998257
7707	3.625
771	3.3194444
7710	3.0562499
7713	3.6579618
7716	3.4806516
7719	3.0
7722	3.0
7725	3.0714285
7728	3.2870688
7731	2.375
7734	2.0
7737	4.375
774	4.4065475
7740	3.1666667
7743	2.6666667
7746	4.0
7749	4.250436
7752	2.9999998
7755	3.8692083
7758	1.5
7761	2.515625
7764	3.0
7767	3.913279
777	4.0666666
7770	3.0555556
7773	3.945563
7776	3.3849206
7779	3.7479815
7782	2.3979166
7785	3.09375
7788	4.3
7791	3.183425
7794	2.6
7797	3.3547618
78	2.981205
780	3.6904762
7800	2.75
7803	1.5
7806	3.875
7809	3.9200149
7812	4.0374503
7815	4.6316605
7818	2.5
7821	1.0
7824	3.5967903
7827	3.5850883
783	3.1270833
7830	3.3333333
7833	4.5593114
7836	3.3854167
7839	2.1
7845	2.5
7848	2.0
7851	3.2833333
7854	2.8601673
7857	3.761905
786	3.2875001
7860	2.8611114
7863	2.1761906
7866	3.6
7869	2.5
7872	3.3333333
7875	3.1392908
7878	3.1458335
7881	3.3937502
7884	2.798611
7887	3.238095
789	3.822133
7890	4.068412
7893	2.75
7896	2.5833333
7899	3.0285563
7902	3.9989583
7905	3.8686993
7908	3.7670066
7911	2.865663
7914	3.921657
7917	3.1524532
792	3.25
7920	3.0
7923	3.25
7929	3.8666668
7932	4.4166665
7935	2.9978094
7938	3.09375
7941	4.0
7944	4.0247025
7947	3.25
795	3.375
7950	2.3333333
7953	1.9166666
7956	2.5
7959	4.0
7962	4.130952
7965	2.75
7968	4.3333335
7971	3.2706108
7974	4.333333
7977	4.0
798	3.8768666
7980	3.4436193
7983	3.0833333
7986	3.6205087
7989	4.109858
7992	2.9971476
7995	2.75
7998	3.9476192
8001	3.2520833
8004	3.6041665
8007	4.0
801	2.5
8010	3.5952382
8013	4.3333335
8016	2.8784928
8019	3.773133
8022	3.5979166
8025	4.3333335
8028	2.25
8031	3.2666664
8034	3.4110432
8037	3.5415266
804	4.194444
8040	4.3333335
8043	3.479035
8046	3.75324
8049	2.962146
8052	2.9227679
8055	3.79375
8058	1.5
8061	4.3333335
8064	3.5
8067	3.563095
807	3.5240686
8070	3.0833333
8073	3.7125
8076	3.5
8079	3.7316315
8082	2.0
8085	4.1190476
8088	3.1458335
8091	4.23956
8094	1.9375
8097	1.5
81	3.2625
810	2.5
8100	3.472222
8103	3.6666667
8106	2.0833333
8109	2.1333332
8112	3.7857144
8115	3.0
8118	3.1073859
8121	3.2222223
8124	2.9908168
8127	2.3333333
813	2.75
8130	2.5
8133	4.010417
8136	2.802381
8139	1.6666666
8142	2.75
8145	2.0
8148	3.381608
8151	3.983333
8154	4.2
8157	2.2
816	4.0
8160	3.1150153
8163	3.3973346
8166	3.5831113
8169	2.8
8172	3.9295301
8175	4.2915525
8178	3.5583925
8181	3.2574835
8184	2.25
8187	3.874743
819	3.2447376
8190	3.4324405
8193	2.0
8196	2.75
8199	3.5248525
8202	2.6666667
8205	2.3333333
8208	3.0
8211	4.0608454
8214	2.0
8217	2.9416666
822	4.0703254
8220	3.3333333
8223	4.3333335
8226	4.405299
8229	3.7975435
8232	3.6011293
8235	2.3333333
8238	3.148512
8241	3.9229574
8244	2.8839285
8247	2.5666666
825	4.060088
8250	2.8879464
8253	2.3333335
8256	3.7083335
8259	2.945298
8262	3.0333333
8265	4.25
8271	3.0
8274	3.888889
8277	3.6159642
828	2.5
8280	3.8358977
8283	3.0
8286	3.388889
8289	4.2901754
8292	4.081576
8295	3.7410738
8298	3.4982142
8301	3.1540449
8304	3.8414798
8307	2.9875
831	3.2019544
8310	2.5458333
8313	3.9239023
8316	3.2518213
8319	3.25
8322	1.0
8325	3.21104
8328	3.1097498
8331	3.238095
8334	3.6368968
8337	3.4782412
834	2.65
8340	2.3333333
8343	1.75
8346	3.3958333
8349	3.8572116
8352	2.938095
8355	4.320833
8358	3.3333333
8361	2.75
8364	2.9166667
8367	3.0449402
837	3.9125
8370	3.5734634
8373	3.6666667
8376	3.4385788
8379	3.7767925
8382	3.914702
8385	2.4
8388	3.183929
8391	3.9583333
8394	2.25
8397	3.0357146
84	3.2346456
840	3.8394232
8400	3.6154354
8403	2.8
8406	3.3068027
8409	2.9826922
8412	3.0476189
8415	3.0
8418	3.0357413
8421	4.1666665
8424	2.8333333
8427	3.077381
843	3.7082784
8430	4.0
8433	3.25625
8436	3.8062499
8439	2.25
8442	4.022222
8445	2.0
8448	3.0604167
8451	3.7729168
8454	3.799405
8457	2.1041665
846	2.5966136
8460	2.3
8463	3.4133892
8466	2.6666667
8469	3.5623052
8472	4.0
8475	4.0
8478	3.5
8481	3.0
8484	3.0
8487	1.7222222
849	3.4369047
8490	3.0
8493	3.417671
8496	4.055114
8499	2.6020832
8502	3.357143
8505	3.654437
8508	3.0
8511	3.7536907
8514	2.3333333
8517	3.7458334
852	3.1666665
8520	1.25
8523	3.5418208
8526	3.8231442
8529	2.9583333
8532	5.0
8535	4.419602
8538	4.3333335
8541	3.9063988
8544	2.7795157
8547	3.90625
855	2.5833333
8550	4.0
8553	4.3333335
8559	3.611111
8562	3.4838789
8565	3.0
8568	3.1795862
8571	4.217777
8574	3.363931
8577	5.0
858	2.3333333
8580	4.3308725
8583	3.7862012
8586	3.9658651
8589	2.6282196
8592	2.3333333
8595	3.3089626
8598	3.388388
8601	1.888889
8604	3.388889
8607	3.3333333
861	4.4583335
8610	3.0
8613	4.0359745
8616	2.8055556
8619	3.2941048
8622	3.25
8625	2.4166665
8628	1.6666666
8631	2.8291667
8634	3.668254
8637	3.8010023
864	3.25
8640	4.1235123
8643	3.3082838
8646	2.9
8649	3.25
8652	3.294643
8655	2.8333333
8658	2.5
8661	3.8333333
8664	4.245862
8667	2.8437498
8670	3.3333333
8673	3.357143
8676	3.4574177
8679	3.3526752
8682	3.854433
8685	3.457483
8688	4.1642857
8691	3.6714926
8694	3.2875001
8697	3.2
87	3.0
870	1.25
8700	3.6166124
8703	3.1153274
8706	3.25
8709	3.0532198
8712	3.0833333
8715	4.0
8718	2.6
8721	2.25
8724	4.5
8727	3.0
873	3.244643
8730	3.875
8733	3.4642856
8736	3.370273
8739	4.5
8742	3.7831347
8745	2.7916667
8748	4.75
8751	2.9783652
8754	3.5233562
8757	4.0
876	3.8333333
8760	4.0677085
8763	2.857143
8766	2.6
8769	3.8333333
8772	2.6666667
8775	3.767857
8778	3.984623
8781	3.4702725
8784	3.6960511
8787	2.5
879	2.75
8790	4.070238
8793	3.201736
8796	2.5
8799	3.3958333
8802	4.0
8805	3.88125
8808	3.3790982
8811	3.7142856
8814	4.110827
8817	1.8
882	3.0
8820	3.75
8826	3.4180803
8829	3.4363096
8832	3.995503
8835	3.1979165
8838	3.125
8841	5.0
8844	3.3333333
8847	2.8
885	3.0666666
8850	1.375
8853	2.875
8856	1.8
8859	2.4375
8862	3.8333333
8865	4.0
8868	3.9886365
8871	3.0270834
8874	2.0
8877	3.6558788
888	3.0
8880	3.5151136
8883	3.8249152
8886	3.78125
8889	3.0
8892	3.690476
8895	3.0104167
8898	3.3900397
8901	2.4875994
8904	4.1939545
8907	3.9020834
891	4.0833335
8910	3.2142856
8913	4.1666665
8916	3.6270833
8919	3.5677083
8922	2.84375
8925	4.0
8928	3.143944
8931	2.8333333
8934	3.0
8937	2.9444447
894	2.7585738
8940	3.820238
8943	4.625
8946	3.7
8949	2.6666667
8952	2.0
8955	2.625
8958	3.9711888
8961	3.4422617
8967	3.5
897	3.3477077
8970	3.9791667
8973	3.0
8976	3.907523
8979	3.7013888
8982	3.6918561
8985	3.5740058
8988	2.5
8991	3.4
8994	3.1895833
8997	4.1535716
90	3.3809524
900	3.9320273
9000	3.3250513
9003	3.503263
9006	3.9583335
9009	3.6333332
9012	4.00694
9015	2.7760417
9018	3.6
9021	3.375
9024	3.21875
9027	3.493464
903	4.0
9030	2.3333333
9033	3.0270832
9036	3.2464285
9039	4.625
9042	3.8806286
9045	1.5714285
9048	3.6976922
9051	3.8869147
9054	3.4019628
9057	1.6666666
906	3.3184524
9060	1.8333334
9063	4.75
9066	2.540625
9069	3.6666667
9072	3.3081353
9075	4.3333335
9078	3.0
9081	3.0
9084	3.625
9087	3.0601323
909	2.9333334
9090	2.8125
9093	2.0
9096	3.75
9099	2.9166667
9102	3.5
9105	1.7222223
9108	3.0618002
9111	3.8709142
9114	3.4
9117	2.25
912	3.95
9120	3.8932374
9123	3.3333333
9126	2.0
9129	3.5
9132	3.5098984
9135	2.3333333
9138	2.3333333
9141	4.209722
9144	4.047494
9147	3.325893
9150	4.12282
9153	1.3333334
9156	3.6413627
9159	3.4166667
9162	2.75
9165	4.104167
9168	4.0
9171	3.5833335
9174	3.58125
9177	3.28125
918	3.8829846
9180	2.75625
9183	1.7333332
9186	2.3333333
9189	3.8865576
9192	3.7222412
9195	3.9027777
9198	3.0857143
9201	2.9116073
9204	3.652393
9207	3.3067956
921	3.40625
9210	3.1966271
9213	3.25
9216	3.3
9219	2.0833333
9222	3.1930592
9225	2.0
9228	3.5516868
9231	3.337404
9234	3.2810767
9237	3.7483633
924	2.3333333
9240	3.3800254
9243	3.4562497
9246	4.103125
9249	3.1666667
9252	3.0555556
9255	3.25
9258	3.0
9261	5.0
9264	2.5
9267	2.6666667
927	4.0
9270	3.5861742
9273	2.1875
9276	3.2606547
9279	3.3953676
9282	3.3333333
9285	3.2261903
9288	3.0650325
9291	2.75
9294	3.5368054
93	3.5
930	3.4142857
9300	1.9166666
9303	3.3298612
9306	3.0330355
9309	2.97247
9312	3.6666667
9315	4.0
9318	3.0
9321	3.733333
9324	3.857143
9327	3.9367256
933	4.65
9330	4.010727
9333	2.3333333
9336	2.75
9339	2.142857
9342	2.6666667
9345	3.5208335
9348	4.04375
9351	3.56576
9354	3.75
9357	3.25
936	3.375
9360	3.204167
9363	3.6666665
9366	3.5
9369	3.0
9372	1.5
9375	2.3333333
9378	3.9239318
9381	3.796212
9384	3.3333333
9387	2.2791667
939	4.0
9390	3.3666668
9393	3.8125
9396	2.926231
9399	3.5
9402	4.0
9405	3.0
9408	2.8333333
9411	2.7777777
9414	3.9125
9417	3.34375
942	2.9689043
9420	2.6666667
9423	3.5270834
9426	3.9925244
9429	3.2589285
9432	3.2861474
9435	2.7476192
9438	3.575334
9441	2.2
9444	3.3541665
9447	2.5
945	2.5
9450	3.5
9453	3.1291668
9456	3.5
9459	3.389942
9462	3.45
9465	3.0
9468	4.1666665
9471	3.709518
9474	3.2708333
9477	3.125
948	3.0
9480	3.3
9483	4.0
9486	4.25
9489	3.142857
9492	4.3
9495	3.5104167
9498	3.9755719
9501	2.3333333
9504	3.5
951	3.238095
9510	3.736111
9513	3.5270836
9516	3.3666668
9519	3.0714285
9522	2.5833333
9525	3.607505
9528	4.1577473
9531	2.9722223
9534	3.5357144
9537	3.6666667
954	3.379915
9540	3.9184148
9543	3.552381
9546	2.6761644
9552	3.845238
9555	2.809524
9558	4.5
9561	3.6
9564	3.0
9567	3.930506
957	3.3888886
9570	2.0
9573	3.5
9576	2.738095
9579	4.0
9582	4.007108
9585	2.5
9588	2.8
9591	3.5249019
9594	4.0
9597	3.0
96	3.5
960	3.5041666
9600	1.5
9603	2.6666667
9606	3.6333332
9609	3.62484
9612	4.0
9615	2.9583333
9618	2.4333334
9621	3.1563692
9624	3.6309524
9627	3.25
963	3.8328948
9630	2.4666667
9633	3.2797618
9636	2.5
9639	3.3541667
9642	2.6666667
9645	3.3546772
9648	3.75
9651	4.0
9654	3.11091
9657	2.599716
966	2.25
9660	3.1666667
9663	3.3714287
9666	4.604762
9669	4.0174108
9672	3.7603173
9675	3.3333333
9678	3.625
9681	3.5354211
9684	2.9333334
9687	3.153653
9690	3.8741684
9693	3.0
9696	2.0
9699	3.5395834
9702	3.7445087
9705	3.7972736
9708	2.6583333
9711	4.0
9714	2.875
9717	3.403222
972	3.625
9720	3.0
9723	3.2083333
9726	3.5
9729	3.3862243
9732	3.0
9735	3.277778
9738	3.5412698
9741	3.427164
9744	2.0833333
9747	3.7595236
975	1.8333334
9750	2.5208335
9753	3.5
9756	3.2881255
9759	3.467386
9762	3.1710722
9765	3.8333335
9768	3.4894812
9771	3.625
9774	3.3066013
9777	3.75
978	3.4056818
9780	2.7873936
9783	2.3333333
9786	4.0123115
9789	3.6666667
9792	3.3214285
9795	5.0
9798	3.56487
9801	4.1666665
9804	2.625
9807	3.25
981	3.0
9810	4.3
9813	3.6666667
9816	3.375
9819	3.786111
9822	2.0
9825	2.6666667
9828	3.8876708
9831	3.0494049
9834	2.65
9837	3.3333335
984	3.3357828
9840	2.9
9843	4.125
9846	4.0
9849	3.201389
9852	4.3
9855	2.5416667
9858	2.8333333
9861	2.722222
9864	4.7023807
9867	3.3333333
987	2.0
9870	3.3
9873	2.6848214
9876	2.3
9879	2.6785715
9882	3.8029666
9885	3.0
9888	3.653817
9891	2.8
9894	2.0
9897	2.0
99	2.6666667
990	3.7461898
9900	3.1340027
9903	2.4984171
9906	3.0
9909	4.368517
9912	2.0
9915	2.25
9918	2.5555556
9921	3.5476189
9924	3.1666667
9927	2.8430257
993	3.0926156
9930	2.0
9933	2.25
9936	3.25
9939	3.3961031
9942	2.0833333
9945	3.6388886
9948	3.5833335
9951	3.3583333
9954	3.985961
9957	2.309524
996	4.140518
9960	4.0182524
9963	3.142857
9966	3.6174445
9969	2.5
9972	2.9025297
9975	1.6666666
9978	2.5
9981	3.8088756
9984	3.7590647
9987	3.723964
999	3.0190475
9990	3.6666667
9993	4.4375
9996	3.5729167
9999	2.0
