10002	3.0
10017	3.0
10020	4.0
10032	3.5
10035	4.0
10038	2.5
10041	4.0
10044	4.0
10053	3.625
10056	3.0
10074	5.0
10080	4.3229165
10089	4.0
10095	4.75
10104	4.0
1011	3.0
10119	3.5833333
10125	4.0
10131	3.0
10140	5.0
10143	3.8214285
10152	3.9523811
10155	3.4444447
10158	4.164583
1017	5.0
10170	3.5366025
10173	3.3333333
10176	3.0
10182	2.0
10191	3.0
1020	4.5833335
10203	3.0
10209	2.0
10212	3.5357144
10221	3.0
10227	2.0
1023	3.0
10230	3.3833332
10233	4.0
10236	4.0
10239	3.5
10254	5.0
10272	5.0
10275	3.8666666
10278	4.0
10281	4.1666665
10284	4.0
10293	3.0
10305	3.0
10311	5.0
10314	2.5
1032	3.75
10329	2.0
10344	3.3469388
10347	3.0
1035	3.9166667
10359	3.333537
10362	3.6
10371	4.1666665
10380	4.0
10386	4.0
10392	3.5833333
10401	3.0
10407	5.0
10413	2.3666666
10422	4.1666665
10425	2.0833333
10428	3.642857
1044	3.0
10440	5.0
10446	3.9166667
10455	4.5
10461	4.0476193
10464	4.0
1047	3.6666667
10485	1.0
10488	4.0
10491	3.2733333
1050	3.5333333
10503	2.5
10527	3.3333333
10539	4.0
10545	5.0
10551	3.0
10554	4.3333335
10560	4.5
10593	3.0
10596	3.3333333
10599	5.0
10608	4.0
10614	4.0
1062	5.0
10620	3.9285715
10644	5.0
10650	4.0
10662	3.9722223
1068	4.0
10680	4.0
10692	3.0
10695	3.2857144
10704	3.0
1071	3.0
10713	3.0
10731	3.0
10734	3.9761906
1074	4.0
10764	4.3
10773	3.9083333
10776	4.0
10785	3.5084326
108	3.3214285
1080	3.75
10809	3.78125
10824	5.0
10827	4.0
10830	3.75
10848	3.0
10851	3.5
10854	4.4
1086	1.0
10860	4.0
10863	2.5833333
10872	3.3333333
10884	5.0
10890	4.0
10893	5.0
10899	3.5333333
1092	2.0
10920	3.309524
10926	2.75
10935	2.0
10944	4.0
10947	4.3381214
10962	1.5
10965	2.5
1098	4.5
10986	3.238095
11004	3.6
11013	3.0520835
11022	3.392783
11025	2.2222223
11031	3.0
1104	3.6666667
11040	3.9143016
11043	3.0
11046	4.0
11052	4.0
11061	5.0
11064	4.2121024
11070	3.0
11076	3.0
11085	4.0
11088	5.0
111	3.1854167
1110	4.0306277
11103	2.0
11109	3.0
11121	4.0
11124	3.0
1113	4.0
11139	3.1625
1116	2.0
11166	3.4166667
11172	4.0
11184	2.5
11193	2.0
11199	2.8541667
11205	4.0
11214	3.2857144
1122	1.0
11223	3.0
11256	1.875
11259	2.0
11262	3.75
11265	3.5892856
11268	4.0
11271	4.1142855
11277	4.047619
1128	1.0
11283	4.424121
11289	5.0
11292	4.5
11295	4.0
11301	3.5
11307	3.7142856
11313	3.25
11319	1.0
11325	3.375
11328	3.0
11331	3.0
11337	3.910793
1134	4.0
11340	2.3333333
11343	2.0
1137	3.0
11376	2.6785715
11385	2.5
11388	3.790476
11391	4.0
11394	3.0
11397	2.0
1140	2.5
11400	3.5166667
11406	3.3333333
11412	4.0
11421	4.0
11427	4.0833335
1143	5.0
11439	3.0
11442	3.6666667
11451	4.0
11472	2.0
11475	4.0
11478	2.0
1149	2.0
11490	3.7294643
11496	2.0
11499	5.0
11502	2.0
11514	3.3333333
11523	4.0
11526	2.75
11532	3.0
11544	2.8958333
1155	4.0
11550	5.0
11559	3.0
11562	2.0
11565	3.0
11577	2.0
1158	4.0
11601	3.0
11604	3.1666667
11607	4.199621
11613	3.8333333
11619	5.0
1164	3.0
11652	2.0
11655	2.0
11658	3.4166667
11661	2.3333333
11673	3.3857143
11679	2.0
11685	3.0
11688	4.5
11691	3.0
11697	3.0
117	4.5
11724	3.0
11727	4.0
1173	4.6666665
11733	4.0
11739	2.875
11742	1.0
11745	3.0333333
11751	3.0
11754	4.5
1176	4.3333335
11760	3.0
11772	5.0
11775	4.25
11781	4.079861
11787	3.0
1179	3.5
11805	2.7142856
11811	4.5
11817	2.6666667
11820	3.125
11829	2.5
11844	4.125
11850	2.3
11859	3.5
11886	3.809524
11901	4.0
11904	4.3333335
11907	3.6333337
1191	2.0
11910	2.3888888
11916	4.0
11919	4.0
11922	3.0
11925	3.0
11931	4.0625
11934	1.0
11937	3.5714285
1194	2.0
11949	2.5
11952	4.0
11961	4.75
11967	4.0
11982	5.0
11985	3.625
11991	3.0
11994	4.1
1200	3.5
12000	4.0
12003	3.8
12009	5.0
12015	2.8125
1203	4.0
12054	2.5833333
12072	3.5
12075	4.083333
12084	3.4931052
12087	4.0
12090	3.5026789
12096	3.25
12102	2.8875
12120	3.0
12126	3.0
12132	3.3333333
12138	3.0
1215	2.0
12165	2.3333333
12171	1.5
12186	4.0
12195	3.8125
12207	2.0
1221	4.0
12210	4.0
12222	5.0
12228	4.0
12231	2.0
12234	3.0
12237	3.0
1224	5.0
12240	2.5
12243	3.047619
12246	3.4809525
12249	4.0
12255	3.5
12261	2.25
12273	2.0
12285	3.75
12297	3.25
1230	5.0
12300	5.0
12303	1.5
12309	3.0
12324	2.0
12336	4.0
12360	3.6666667
12366	2.0
12378	3.5833333
12381	2.0
12384	4.8333335
12393	2.0
12399	3.4791665
12402	4.0
12405	3.0
12408	5.0
12411	3.0
12417	4.5
12423	4.0
12429	3.0
12435	3.9136229
12438	4.0
12444	3.0
1245	2.6666667
12450	3.5
12453	4.0
12456	3.8333333
12459	2.5
12471	2.9166667
12486	5.0
12489	2.5
12492	3.0
12498	2.0
12501	3.5427082
12513	3.8
12525	5.0
12528	3.0
12531	3.0
12534	3.6666667
12537	2.0
12540	4.0
12546	3.5958335
12549	3.75
12552	3.5
12567	3.0
12570	3.54375
12573	2.0
12582	3.842245
12591	3.0833333
126	3.0
1260	3.0
12600	4.0
12612	3.0
12624	2.6666667
12627	4.0
1263	2.0
12633	3.7833335
12639	4.357143
12648	5.0
1266	3.6666667
12660	2.5
12672	3.7086744
12675	3.554762
12678	3.3333333
12684	3.0
12690	3.7482142
12693	4.6666665
12696	4.0
12702	2.0
12714	3.5
12720	3.0
12723	2.0
12726	4.111111
12732	3.6301408
12735	1.0
12738	3.0
12741	3.0
12747	1.0
12774	4.1666665
12792	3.4095237
12795	4.1666665
12798	3.6666667
12804	5.0
12810	3.0
12828	3.7041667
12834	4.4
12837	4.0
12843	3.7142856
12846	3.0
12849	3.0
12852	4.3333335
12855	4.0
12858	2.0
12861	4.0
12867	2.5
12870	4.4387174
12882	4.0
12891	4.5333333
12894	4.0
12897	1.0
129	1.0
12903	2.0
12918	3.7468224
1293	2.0
12933	2.5
12942	3.625
12945	3.1666667
12948	3.0
12951	1.5
12966	3.6091373
12975	3.375
12978	4.0
12987	5.0
1299	4.5
12990	1.0
12996	5.0
12999	4.4166665
13002	3.125
13008	3.0
13017	4.5
13023	4.0
13029	3.5
13035	3.3333333
13047	4.0
1305	2.652778
13050	3.2193625
13056	3.472222
13065	3.5
13068	5.0
13074	3.9
13077	3.0
13080	4.0
13086	3.0
13095	2.0
13098	3.016667
13107	3.3333333
13119	3.5
13125	2.5
13128	3.9013608
1314	4.0
13140	1.5
13143	5.0
13164	3.0
13170	4.5
13176	3.0
13179	4.0
13197	5.0
132	4.0
13203	3.0
13206	3.0
13221	1.0
13227	4.5
13242	2.0
13248	3.0
13251	3.5809522
13254	4.0
13269	5.0
13272	3.0
13281	1.0
13287	4.0
1329	2.3333333
13293	3.40625
13296	4.0
13302	4.2973213
13320	1.0
13323	3.0
13326	3.625
13338	2.0
13347	2.0
13359	3.5797272
13365	4.0
13368	3.0
13377	5.0
13380	3.0
13383	3.638889
13386	2.0
13389	3.1
13392	3.9729166
13398	3.3333333
13404	3.5
13407	5.0
13413	4.25
13419	3.0
13437	4.0
13440	1.0
13446	5.0
13458	2.8333335
13476	3.0
13479	4.0
13488	3.3595238
13500	3.6666667
13506	4.5
13509	2.0
13512	4.0
13518	1.5
13524	3.046131
13539	2.0
13542	4.5
13548	3.0
13551	3.6666667
13557	5.0
13572	4.75
13584	3.125
1359	4.0
13593	4.3719387
13602	3.625
13605	3.375
13614	4.1705356
13623	5.0
13629	4.071429
13641	4.0
13644	4.0
1365	2.0
13650	5.0
13662	3.5
13674	3.0
13683	2.5
13695	2.6666667
13707	4.0
13710	3.0
13728	4.3634295
13737	4.0
13761	2.0
13767	4.0
13785	4.5
13791	3.0
138	4.6
13806	4.3333335
13809	3.6041667
13818	3.0
13824	2.5
13827	3.4642856
13836	3.9333332
13842	3.25
13845	3.125
13851	4.1666665
13857	4.0
13860	3.4
13863	3.0
13878	4.0
13887	3.8375
1389	3.0
13899	4.1666665
13908	3.5
13914	3.3333333
1392	2.5
13920	2.0
13923	3.9882212
13941	4.375
1395	4.5
13953	3.0
13956	2.5
13959	3.7244048
13962	4.0
13968	4.0
13974	3.3333333
13977	3.6944444
13983	3.0
1401	4.0
14010	3.3333333
14013	3.0
14016	2.9
14031	4.3333335
14034	1.0
14055	1.0
14061	3.3333333
14067	4.0
14073	3.5
14088	3.3333333
14091	3.8333333
14103	4.1832957
14109	3.4194443
14112	3.5
14115	4.0
1413	5.0
14142	3.0
14154	3.0
14160	3.0
14166	3.875
14175	4.0
14187	3.875
14199	3.5
14211	3.0
14214	4.125
14217	3.0
14226	4.0
14229	2.0
14235	4.0
14238	4.0
14241	3.0833333
14244	4.0
1425	3.75
14250	4.0208335
14253	3.5
14256	3.0
14259	4.3333335
14262	2.6666667
14265	3.75
14271	4.0
14274	2.9854167
14277	3.0
1428	3.5209792
14280	3.8645833
14283	4.111111
14289	2.5
14298	5.0
14301	4.0
14307	5.0
14313	3.7539945
14319	2.0
14322	5.0
14325	3.4
14328	4.0
14334	2.6666667
14355	3.238095
14358	4.334028
14364	3.7353742
14367	3.5849564
14376	2.0
14382	3.825271
14388	3.0
14391	3.9166667
14397	4.0
14403	3.75
14412	4.0
14421	3.0
14427	3.5
1443	3.0
14436	3.0
14439	3.9166665
14454	3.7300339
14457	3.4761903
14463	1.0
14466	2.0
14472	3.75
14475	3.625
14484	3.8125
14496	4.0
14505	3.6666667
14526	4.0
14529	3.0
14538	3.573482
14541	3.75
1455	3.0
14550	4.685303
14568	4.0
14574	3.5497024
14583	3.0
14586	4.0
14598	5.0
14601	4.0125
1461	4.0
14613	3.0
14631	4.0
14634	3.5
14640	4.0
14643	4.0
14646	2.3055556
14652	3.0
14664	3.2083333
14667	4.052282
1467	4.0476193
14670	3.8403275
14673	3.0
14685	3.0
14691	4.187043
14694	4.0
1470	3.9689732
14709	3.875
14712	3.2475963
14718	3.1184294
14724	3.0
14727	2.5
1473	3.0
14733	2.0
14742	3.8333335
14745	3.0
14748	2.625
14754	3.5
1476	3.5
14760	2.0
14763	3.0
14769	4.0
14781	4.1
14784	2.0
1479	3.5
14796	3.5
14802	4.0
1482	3.2857144
14820	4.3333335
14823	5.0
14829	3.7083333
14835	4.5
14853	3.0
14856	4.014881
14862	3.0666668
14865	3.1666665
14868	3.0
14883	4.0
14886	3.0
14889	3.388889
14898	2.8333333
14904	3.0
1491	5.0
14916	1.375
14919	2.0
14925	4.0
14928	4.3298297
14931	4.0
14934	1.0
1494	3.0
14940	3.4252977
14943	3.0
14946	4.0
14955	3.125
14958	3.5
14961	4.7543426
14970	2.6875
14973	4.25
14976	3.0
14982	3.0
14985	4.0
1500	4.0
15006	2.0
15027	3.0
15033	3.0
15039	3.25
15045	4.0
15048	3.737252
15057	3.8125
15063	2.9437501
15078	3.7380955
15084	3.9330356
1509	3.9375
15093	3.25
15099	2.8541667
15102	1.0
15105	3.3336308
15111	2.0
15114	3.375
15129	4.1041665
15132	3.375
15147	4.0
15153	2.0
15156	3.5032468
15162	2.0
15168	3.0
15171	3.0
15177	3.125
1518	3.8333333
15183	4.4
15186	4.0
15201	3.0
15204	3.0
15207	3.0
1521	3.0
15216	1.0
15219	3.0
15234	2.8611114
15237	3.0
1524	5.0
15243	3.0
15246	4.375
15255	2.0
15264	2.0
15267	5.0
15270	5.0
15282	3.5
15285	4.5
1530	3.0
15300	3.0
15306	5.0
15309	2.0
15315	2.75
15321	4.5
1533	3.0
15330	1.0
15333	3.75
15336	4.5
15339	3.6979167
15342	3.4291668
15345	3.0035715
15366	3.9444447
15375	2.0
15378	5.0
15381	4.075
15384	4.5
15393	3.5253787
15396	4.5
1542	3.798823
15429	4.035714
15444	4.0
15447	3.25
15450	3.75
15459	1.0
15462	2.5
15465	3.0722225
15471	3.0708873
15474	3.2142856
15477	3.611111
15483	2.5
15486	4.0
15492	2.5
15501	1.0
15507	4.0
15516	4.0
15528	4.0
15531	3.6666667
15534	4.3333335
15540	3.5625
15543	3.0
15549	3.2
15555	3.4
15570	3.0
15576	3.0
15579	2.0
15582	3.6045198
15591	5.0
15594	3.2857144
15597	3.6666667
156	3.2222223
15609	4.8333335
15624	2.0
15627	4.0
1563	4.0
15633	4.0
15651	3.0
15657	3.6666667
1566	4.0
15678	2.0
15684	4.0
15690	2.5
15699	4.3333335
15702	3.8541667
15711	4.0
1572	4.0
15732	5.0
15741	1.0
15747	2.0
1575	4.0
15750	3.3333333
15753	4.0
15774	2.625
15777	4.395833
1578	3.2142856
15786	3.4
15792	3.0
15795	2.0
15798	3.0
15807	3.9
15810	5.0
15813	2.761905
15816	3.5833333
15825	4.0
15837	1.0
1584	4.0
15840	1.0
15843	3.625
15846	3.75
15855	3.3333333
15858	4.1666665
15861	4.7
15867	3.5
15876	3.75
15885	3.3333333
15888	3.0
15894	3.5666668
15897	1.0
1590	4.0458336
15900	5.0
15909	3.0
15915	3.0
15924	4.0
15930	3.0
15936	4.0
15939	5.0
15945	3.3333333
15948	3.0
15960	2.0
15966	3.0
15969	3.1
15975	3.7708335
15987	3.0
1599	3.6666667
15999	5.0
16002	2.78
16008	4.104167
16011	4.0
1602	1.0
16047	3.1458333
16050	3.0
16053	5.0
16056	4.0
16062	3.6666667
16068	3.3214285
16071	4.0
16083	3.5833335
16092	2.0
16104	2.5
16107	4.4
16113	3.0014882
16128	3.8350697
16143	4.0
16146	2.6
16149	3.0
16158	3.7738097
16167	5.0
1617	2.0
16176	5.0
16182	3.125
16185	4.5
16203	3.595238
16209	4.1
16215	4.0
16233	3.1666667
16236	3.73125
16242	3.5442288
16260	4.5
16263	3.0
16272	3.9587257
16278	4.3
16281	3.0
1629	5.0
16293	3.75
16302	4.333333
16311	4.5
1632	2.3
16338	3.0
16341	5.0
16344	3.25
16356	4.0
16359	2.0
16362	3.0
16365	3.0
16368	5.0
16374	3.0
16377	4.2254047
1638	2.0
16380	3.4083335
16389	1.0
16395	4.0
16407	5.0
16434	4.0
16449	1.0
16452	3.8252933
16458	3.0
16461	3.3333333
16479	2.5
16482	3.0
16491	4.638889
16497	4.0
165	3.0
1650	3.4050596
16500	3.0
16515	1.0
16524	5.0
16530	2.0
16536	2.5
16539	1.0
16545	5.0
16548	5.0
16551	4.0
16557	5.0
1656	3.0
16563	3.0
16569	3.3333333
16572	2.8466668
16587	4.8333335
1659	3.8604167
16593	4.0
16596	3.7333336
16605	3.9479165
16617	4.0
16620	1.0
16632	3.0
16641	2.5
16644	3.9285715
1665	3.6
16653	3.0
16656	3.5
16659	3.5
16662	3.5
16668	4.118944
16671	4.0
16674	5.0
1668	3.0
16680	2.0
16695	5.0
16698	3.9583333
16701	3.5
16707	3.8885417
16713	3.7
16722	2.0
16728	5.0
16731	4.0
16734	3.5
16740	3.0369046
16758	4.0
16764	4.0
16767	3.7142856
16770	3.0
16788	3.8
16791	3.6666667
16797	4.0
16803	5.0
16818	4.0
16833	2.0
16848	2.375
1686	3.0
16860	4.6666665
16866	3.0
16869	3.3333333
16872	4.320833
16887	3.4
1689	4.0
16890	2.0
16905	3.0
16908	3.3333333
16911	5.0
16917	2.5
1692	4.25
16920	5.0
16926	3.5
16932	2.0
16944	2.75
16947	4.0
16956	3.0
16968	1.0
16977	2.6904762
16989	1.5
16992	3.8625
16995	5.0
17004	3.5833333
17010	4.0
17013	3.0
17025	1.0
17031	3.0857143
1704	3.5
17052	5.0
17058	2.0
17064	3.9285715
1707	3.8999999
17079	2.0
17082	3.0
17085	4.438095
17088	3.7759843
17091	3.0
17097	3.125
171	3.6666665
1710	3.0
17100	3.095238
17103	2.6666667
17106	4.0
17112	3.0
17127	2.6333334
17133	4.1
17136	2.8541665
17154	3.900638
17157	4.2882705
1716	3.0
17169	3.9233832
17175	2.0
17178	4.0
17181	2.75
17184	5.0
17187	4.2
1719	2.984375
17196	4.0
17211	3.0
17217	3.0
1722	2.0
17229	3.75
17247	1.0
17250	4.75
17259	4.2
17265	4.0
17271	3.0
17277	3.0
1728	5.0
17280	3.0
17292	3.4166667
17295	3.3809524
17298	2.0
17307	4.375
17310	5.0
17319	3.6625
17322	4.0
17328	4.276786
17334	3.0
1734	4.0
17343	3.25
17346	4.233333
17349	4.0
17355	3.563988
17358	3.05
17361	2.4523811
17373	3.0
17379	4.0
17382	5.0
17385	2.875
17397	5.0
1740	3.0
17403	3.0
17412	3.78
17415	2.0
17424	3.9375
1743	4.0
17436	4.5
17457	5.0
1746	3.0833333
17460	5.0
17466	3.0
17472	3.8333333
17490	3.0
17499	4.1904764
17508	3.725
17511	1.0
17526	3.9833333
17529	2.25
17535	4.5
17541	4.0833335
17550	3.0
17556	4.0
17559	3.75
17562	3.5
17565	3.2
17571	3.0
17574	3.2083333
17580	2.9895833
17586	2.6666665
17589	2.7666667
17607	2.0
17610	3.0
17622	3.0625
17625	3.5
17628	3.2
17631	3.0
17646	2.0
17649	3.0
17658	4.0
17661	3.0
17664	3.0
17670	4.0
17676	3.0
17682	4.4166665
17685	5.0
17697	2.9285715
1770	4.0555553
17703	2.675
17709	4.083333
17715	3.0
17724	4.0
1773	5.0
17730	2.5
17763	2.0
17766	4.0
17769	2.5
1782	1.0
1788	5.0
1794	4.0
18	3.9333336
180	3.3333333
1800	3.2
1803	3.75
1809	4.0
1818	4.0
1833	2.9285715
1839	1.8333334
1842	5.0
1845	1.0
1854	3.625
1860	3.5
1866	3.25
1884	3.111111
189	3.5833333
1890	3.7395835
1893	3.0
1902	3.2888887
1905	4.1886497
1911	4.0
1923	5.0
1932	3.0
1947	5.0
1959	3.5
1962	3.8057785
1965	3.0
1971	3.3333333
1974	3.8958335
1983	3.6
1989	2.0
1998	3.5
2001	3.6979167
2007	4.0
201	4.0
2016	3.5333333
2037	4.0
2040	4.5
2043	3.5
2046	1.0
2067	4.5
2070	2.0
2079	2.0
2091	3.0
2094	4.0
2097	3.0
210	4.0
2100	5.0
2103	3.2
2109	1.0
2112	3.5545137
2127	3.0
213	3.3333333
2130	4.0
2133	5.0
2136	3.142857
2139	3.5416667
2142	5.0
216	3.0
2163	3.25
2166	4.0
2172	4.607143
2178	3.8666668
2184	3.0
2199	3.75
222	2.5
2220	5.0
2223	5.0
2235	2.0
225	2.875
2250	4.0
2256	4.0
2259	4.0
2262	3.3333333
2271	3.0
2277	1.0
2292	1.0
2301	3.5
2304	1.0
231	3.0
2310	5.0
2316	2.0
2319	4.5
2325	3.0
2328	2.5
2331	3.0
2337	1.0
2340	2.75
2346	3.0
2352	1.0
2370	4.6666665
2376	2.8666666
2379	3.5
2385	3.0833335
2388	3.0
2391	3.2664795
2394	3.0
2397	4.0
24	2.0
240	5.0
2400	2.8
2406	4.0
2409	2.3333333
2430	4.3958335
2442	5.0
2448	4.0
2457	3.8385417
2460	4.0
2463	3.0
2469	3.0
2472	2.0
2475	2.5
2478	3.25
2493	1.0
2496	4.0
2499	3.0208333
2505	3.4
2508	3.0
252	3.5809524
2523	3.0
2529	4.0
2532	4.1666665
2547	4.0
255	2.0
2550	1.0
2565	3.0
2568	4.0
2574	2.5
2577	3.972222
2580	3.3402777
2589	3.0
2595	3.8333333
2601	5.0
2604	4.0
2610	4.5
2613	4.7
2622	3.0
2628	3.0
2640	3.7
2643	3.9333336
2652	5.0
2658	4.0
2685	4.0
2694	4.0
2697	2.0
270	4.330357
2712	3.0
2724	3.0
2727	3.0
273	3.0261905
2751	4.0833335
2754	5.0
2757	3.3333333
2775	2.25
2778	3.0
2787	3.0
2796	4.0
2823	5.0
2835	3.0
2847	4.0
285	3.2857144
2856	1.0
2862	4.2769265
2865	4.0
2868	2.5
2874	3.5769887
2877	4.0
288	3.0
2880	3.6666667
2910	4.0
2913	4.005006
2916	3.0
2919	3.0
2922	3.7291667
2928	4.0
2931	2.0
2937	3.0
294	4.0
2940	3.0
2949	3.0
2955	4.0833335
2961	2.0
2967	2.0
297	3.5
2988	3.0
2991	4.0
3	4.0
30	3.7591314
3000	3.0
3006	1.0
3009	3.0
3012	5.0
3015	2.73
3021	1.8333334
3030	3.375
3051	2.0
3054	4.0
3057	4.0
3063	3.0
3072	4.0
3078	4.157143
3093	2.75
3102	4.0
3111	4.0
312	3.6072915
3123	3.0
3132	3.0
3135	2.0
3138	3.8902774
3147	3.3333333
3150	3.8125
3153	4.166667
3159	3.6666667
3165	3.6041665
3168	3.5238097
3174	2.8
3177	4.0
3183	5.0
3192	3.0
3198	3.559524
321	2.0
3210	4.0
3216	3.7857144
3222	3.1
3225	2.75
3231	4.0
3237	4.6666665
3255	2.0
3264	3.0
3267	3.9761903
327	2.0
3273	2.5
3276	4.0
3282	3.4778838
3285	4.0833335
3297	3.0
33	5.0
330	3.7380955
3303	5.0
3306	2.0
3309	3.0
3312	3.1666667
3315	3.90625
3321	3.0
3324	3.75
333	4.0
3333	3.1828868
3342	3.3333333
3348	3.0
3369	4.5
3375	2.0
3390	5.0
3405	5.0
3408	4.0
3414	3.027778
3420	5.0
3423	3.0
3429	2.0
3432	2.0
3435	2.0
3438	4.0
3441	2.5833333
3444	5.0
345	4.6
3453	4.5
3456	4.714286
3471	2.0
3477	1.0
348	3.7916667
3489	3.9285715
3495	4.5
3498	4.0
3510	4.3333335
3513	4.6
3522	2.5833333
3525	3.0
3567	3.0
357	3.4720738
3570	5.0
3573	2.8333333
3579	2.8541665
3582	4.5
3591	2.5
36	2.5
360	3.5
3612	3.722222
3615	3.0
3624	4.0755773
363	2.0
3642	2.0
3648	3.3208334
3666	3.0
3672	3.3333333
3675	3.0
3684	3.8541667
3696	3.75
3699	4.0
3702	3.0
3708	4.0
3714	2.0
3720	3.0
3741	3.0
3747	1.0
375	3.0
3756	3.4041667
3759	3.0
3765	2.5
3768	2.0
3777	5.0
378	3.3333333
3783	2.0
3792	2.5
3798	4.0041666
3801	3.0
3807	3.75
381	3.3333333
3810	3.25
3816	2.5
3825	3.3280258
3828	1.0
3840	3.3888886
3846	4.0
3858	3.2
3864	4.3383927
3870	3.6666667
3879	3.75
3888	3.0
3894	3.0395832
390	3.0
3900	3.8333333
3903	4.0625
3921	4.1
3927	4.0
393	3.7
3936	3.0071428
3942	3.2
3948	2.0
3954	3.5
3960	3.25
3966	3.3553572
3972	4.125
3975	2.0
3984	4.5
3990	2.0
3993	3.0
3999	4.6666665
4008	4.0
4011	3.3333333
4014	3.0
4026	2.0
405	2.5
4050	3.0
4056	2.7416666
408	3.0
4080	3.4604168
4086	3.5
4089	3.2555554
4092	4.0
4095	1.0
4098	3.1875
4119	3.0
4125	3.0
4131	3.0
4134	2.0
414	3.0
4149	3.5866668
4155	4.0
4161	3.0
4164	3.5
4167	3.5
4173	1.0
4179	4.5
4185	4.6666665
4197	2.3333333
420	3.0
4218	3.0
4227	3.753472
4248	3.3333333
4251	3.0
4254	5.0
4257	4.5
426	3.5
4260	3.0833333
4263	2.0
4266	3.829609
4269	2.7142856
4281	2.3333333
4284	4.214286
4287	3.0
429	3.0
4290	3.3333333
4293	3.0
4299	5.0
4302	3.9447918
4320	2.0
4335	5.0
4341	3.5357144
4353	4.2
4356	3.6803389
4371	2.5
4374	2.6666667
4377	2.0
4380	3.6666667
4383	5.0
4386	2.5
4389	3.3333335
4392	4.175
4398	2.5
4422	3.0
4452	1.5
4479	3.4583333
4485	2.0
4488	3.7142856
4497	4.0
45	3.0
4506	3.8541667
4515	3.0
4518	4.0
4524	2.8333333
4533	3.0
4536	2.0
4545	3.9151785
4557	4.0
4563	3.6666667
4569	3.5
4575	5.0
4581	3.0
459	2.0
4590	3.3277776
4596	3.0
462	4.5
4626	5.0
4629	3.5
4641	3.0
4644	2.0
4647	5.0
4653	3.0
4656	3.766766
4662	3.0
4671	2.75
4677	2.375
468	3.3650792
4680	4.5
4683	3.3690476
4686	3.0
4689	4.0
4695	3.75
4698	3.3459823
4704	3.75
471	4.0
4713	2.0
4719	5.0
4731	3.0
474	3.6666665
4740	3.777778
4752	3.5
4758	3.0
4761	4.138889
4767	4.0
477	4.0
4773	2.5
4779	3.0
4791	1.0
48	5.0
4815	3.0
4824	4.0
483	3.3132284
4833	3.2916667
4857	4.0
4866	3.0
4869	4.0
4881	3.75
4884	4.260417
4887	3.0
4890	3.375
4893	3.0
4902	3.0
4914	3.0555553
4926	3.3333333
4932	3.0666664
4944	3.0
4953	2.0
4956	3.9940476
4971	3.0
4977	3.6731293
4995	3.125
4998	1.0
5001	2.0
5004	4.1
501	3.9166667
5010	3.125
5013	3.0
5016	4.0
5022	5.0
5025	3.9375
5028	2.0
504	1.0
5052	5.0
5055	3.45625
5061	4.0
5073	2.5
5076	2.75
5085	3.9174876
5094	5.0
5097	3.0
5103	4.4166665
5112	3.5273812
5118	3.5
5121	2.5833333
513	4.0
5130	3.0
5139	3.0
5151	4.266667
5154	3.31875
516	3.6499999
5160	3.0
5169	3.81875
5181	3.6605248
5187	3.0
5190	4.0
5199	2.25
5217	4.5
5220	2.375
5223	3.7437499
5226	3.8655756
5250	3.5
5253	3.5
5277	3.125
528	2.847222
5280	4.5
5292	3.7
5298	4.0
531	2.0
5319	4.5
5325	2.0
5328	1.5
5334	4.0
534	3.3333333
5343	3.5
5355	3.6666667
5367	3.0
5385	2.0
5391	4.166667
5394	5.0
5397	4.0
5400	3.0
5406	3.0
5415	3.3333333
5418	5.0
5421	3.6904762
5430	3.8333333
5436	2.0
5445	4.3333335
5448	2.7857144
5451	3.0
5472	3.5857415
5475	4.0
5481	1.0
5493	5.0
5496	3.7798157
5508	4.0
5511	2.0
5520	4.0
5538	4.1104164
5541	2.0
5544	3.5
5553	5.0
5562	3.888889
5568	1.0
5571	3.8601685
5577	3.9166665
5583	1.0
5589	3.1388886
5598	5.0
5601	3.9541667
5607	3.6875
561	4.0
5616	4.0
5622	2.6666667
5625	3.5
5628	3.2689483
564	3.125
5646	4.0416665
5649	2.0
5652	3.5
5655	4.0
5658	4.0
5667	2.4285715
5670	2.5
5679	1.0
5685	3.5
57	4.0
570	2.0
5700	4.6666665
5727	4.0642858
5730	2.8809526
5736	5.0
5751	2.8
5754	3.0
5760	4.3571424
5766	3.0
5775	3.882738
5778	3.7857144
5787	3.7729168
5793	3.6592262
5799	4.0
5802	2.5
5805	5.0
5808	5.0
5814	2.6906745
582	1.0
5823	2.5
5847	4.5
585	4.5
5853	2.0
5856	2.5
5859	5.0
5862	3.6940973
5874	2.0
5877	3.0
588	4.25
5886	3.8333333
5895	3.607143
5919	4.5
5922	4.0
5925	2.0
5928	3.0
5937	2.5
5946	3.5416667
5952	2.5
5955	3.3333333
5958	5.0
5967	3.2708333
5970	3.1666667
5982	4.0
5988	3.0
5991	3.4416666
5997	3.85
6003	3.7
6012	4.0
6018	3.0
6021	3.3
6027	3.2222223
6030	3.771379
6036	4.0
6042	3.0068374
6057	3.5
6060	2.7604167
6066	3.0
6072	4.0
6084	2.5
6093	5.0
6099	4.1677084
6102	4.0
6114	3.75
6117	3.71875
6120	3.5
6132	4.0
6138	4.0
6144	5.0
6147	2.0
615	3.6190476
6171	4.0
6174	2.875
6177	2.6666667
6195	3.527778
6201	5.0
6204	4.3333335
6207	3.0
621	3.6666667
6213	3.0
6219	3.5555556
6222	4.5
6225	5.0
6228	2.5
6231	2.9833333
6234	3.3
6237	2.5
6240	3.8645833
6243	3.75
6249	4.0
6255	2.8214285
6264	4.0
6267	3.0
6273	4.0
6282	2.0
6285	3.0
6303	5.0
6306	3.0
6315	5.0
6324	4.3333335
6327	3.0
633	3.0
6336	3.7857144
6339	3.9777775
6345	2.6666667
6357	3.75
636	3.4444444
6366	3.1190474
6372	3.0
6378	2.0
6384	5.0
6399	3.0
6408	3.9782195
6417	5.0
642	3.0
6438	3.0
6441	4.0
6447	3.0
645	4.083333
6450	4.2619047
6456	3.0
6459	4.0
6477	1.0
6486	4.25
6492	3.5
6504	5.0
6507	1.0
6510	3.9957836
6519	2.0
6528	4.5333333
6534	4.0
654	3.0
6552	3.3607142
6555	3.3872023
657	3.0
6582	2.0
6585	4.0
6594	3.0
660	3.8333333
6603	3.0
6609	3.8333333
6612	3.0
6615	3.5045142
6630	3.0
6633	4.0
6639	3.0
6642	4.0833335
6648	4.6666665
6663	1.0
6666	5.0
6669	3.0
6681	4.0
6687	2.8333333
6693	4.0
6702	3.2979167
6705	1.0
6708	2.9333334
672	4.5
6720	3.892857
6726	3.0
6729	5.0
6735	3.125
6738	4.0
6741	3.0
6756	4.625
6762	5.0
6771	3.75
6786	4.285714
6804	3.3333333
6807	3.5
6810	3.75
6813	3.0
6816	2.6666667
6822	1.5
6834	2.0
6837	3.0
6846	3.6666667
6849	3.3333333
6852	2.0
6864	3.0
6882	4.8
6915	3.25
6927	3.25
693	3.0
6930	3.2
6942	3.4
6948	2.0
696	3.3333333
6960	3.9166667
6966	3.5
6972	3.6750207
6978	3.125
699	4.0
6990	3.0
6993	2.0
7014	3.75
7029	1.0
7032	3.5580359
7041	4.0
7047	4.6666665
705	3.983631
7059	3.0
7071	2.0
7074	3.0
708	3.3760912
7098	3.0
711	3.5
7110	4.0
7125	3.6666667
7131	4.0
7149	3.0
7155	3.6279762
7158	4.145833
717	2.5
7173	3.5714285
7176	2.0
7179	4.1875
7182	3.0
720	3.5541668
7209	3.0
7212	3.5
7218	2.0
7221	3.6666667
7224	3.0
723	3.125
7230	4.786485
7233	4.093899
7239	4.305556
7245	2.625
7248	3.0
7263	4.0
7275	4.5
7281	3.2850828
7293	3.3333333
7302	4.0
7308	4.1
7347	2.875
7356	3.045238
7359	3.0
7368	2.0
7371	4.3333335
7383	5.0
7389	5.0
7392	5.0
7395	4.0
7401	3.1666667
7404	2.6666667
7416	4.0791664
7419	4.0
7422	4.0
7428	3.0
7431	4.5
7434	3.6
7464	4.0
7485	3.0
7494	4.1666665
750	3.0
7509	3.2799108
7518	2.0
7521	3.172449
7524	4.0
7533	3.75
7545	3.5
7563	3.8333335
7566	3.0
7569	4.5
7572	2.5
7578	5.0
7584	3.0
759	2.8
7590	3.6477182
7596	4.25
7599	3.0
7602	1.5
7605	4.0
7617	3.7629273
7620	4.0
7629	4.0
7632	2.111111
7635	3.110025
7638	2.0
7641	3.75
7644	3.5
7647	4.5
7656	1.0
7659	4.0
7662	4.0
7665	3.0
7671	5.0
7674	4.0
768	4.0
7680	5.0
7683	3.6666665
7686	3.5
7695	4.5
7701	4.125
7713	4.3
7716	3.4333336
7728	3.0
7731	1.0
7737	4.0
774	4.0
7749	4.2
7755	4.4
7761	1.0
7767	3.9046266
7773	4.0
7776	3.0
7779	3.7032738
7782	2.0
7791	3.0
78	4.0
780	4.0
7809	3.4
7812	3.0
7815	5.0
7827	3.8
783	3.0
7830	4.0
7833	4.0
7836	3.0
7848	2.0
7854	3.5
786	3.0
7863	3.0
7875	3.9166667
7881	3.3333333
7884	2.0
7887	2.0
789	3.654762
7890	4.5
7899	3.125
7911	2.0
7914	1.0
7917	3.75
7920	5.0
7929	4.5
7935	1.8333334
7938	4.0
7944	3.0
7953	1.0
7959	4.0
7971	3.1916666
798	3.8402777
7980	3.3333335
7986	5.0
7989	4.357143
7992	3.0
7995	3.0
7998	4.0
8001	5.0
8007	5.0
801	2.0
8016	3.0458333
8019	3.888889
8025	5.0
8034	4.0
8037	4.0
8046	3.25
8049	3.125
807	4.0
8070	3.0
8079	3.4052086
8085	3.5
8100	2.0
8118	3.1
8121	3.0
8124	3.5
8130	1.0
8133	3.0
8148	3.0
8160	4.0
8163	3.5
8172	4.0
8178	3.3333333
8181	3.172867
819	3.4
8199	4.5
8211	4.0
822	4.3333335
8220	1.0
8226	3.5333335
8229	5.0
8232	3.5
8238	1.5
8241	4.0
8244	1.0
825	3.8
8250	3.0
8259	2.4
8274	5.0
8277	3.9
8286	4.0
8289	4.375
8292	4.535714
8295	3.96875
8301	2.79375
8304	4.0
8307	3.0
831	3.5
8313	4.6
8316	2.875
8325	3.5
8328	3.0
8334	3.955357
8337	2.0
8346	5.0
8349	4.0
8361	1.0
8370	3.9166665
8376	3.2770834
8379	3.8072915
8382	4.125
8388	3.3333333
84	3.0
840	3.5
8412	3.0
8418	3.0
8427	2.0
843	3.8285713
8433	1.0
8436	3.0
8442	4.3333335
8448	3.0
8454	4.0
846	2.6666667
8463	4.0
8469	4.0
849	2.0
8493	3.0
8496	4.0
8505	3.6666667
8511	3.6666667
8526	3.5333335
8535	4.4375
8538	4.0
8541	4.25
8544	2.0
8550	3.0
8559	3.0
8568	3.5
8571	3.375
8574	4.3333335
8580	5.0
8583	3.6666667
8586	3.6666667
8589	2.0
8595	3.5
8598	4.0
861	5.0
8613	2.5
8619	3.25
8631	2.0
8634	2.5
8637	3.4
8640	4.5
8643	2.5
8664	4.75
8670	4.0
8673	4.0
8679	3.5
8682	3.375
8685	2.0
8691	4.4
8703	1.6666666
8709	2.0
8736	3.142857
8742	4.0
8751	3.0
8754	3.3333333
8775	4.0
8781	5.0
8784	4.416667
8793	3.0
8799	4.0
8808	2.5595238
8814	4.5
8826	3.6190474
8832	3.9947917
885	3.0
8877	3.6666667
8880	3.5
8883	3.4238095
8892	5.0
8898	4.375
8901	2.5
8904	4.3374543
8907	3.5
891	5.0
8919	5.0
8922	1.5
8928	3.3833334
8940	4.6666665
8946	3.0
8958	3.5
897	3.5
8970	3.0
8973	3.0
8976	4.25
8979	4.0
8982	5.0
8994	3.0
900	3.5833333
9000	3.3333333
9003	3.4861114
9009	3.0
9012	5.0
9018	2.0
9024	3.1666667
9033	3.0
9036	5.0
9042	4.0
9048	3.7142856
9051	3.9586806
9054	3.447619
9066	1.0
9072	3.5
9087	2.0
9108	3.3333333
9111	3.6979167
9120	4.145833
9129	4.0
9132	3.5714285
9141	4.5
9144	4.133333
9150	3.625
9153	1.0
9156	3.904762
9165	4.0
918	3.0
9180	3.0
9183	2.0
9189	4.2281246
9198	3.0
9201	1.5
9204	3.8333333
9207	5.0
9210	2.6666667
9228	2.0
9231	2.75
9234	3.0
9240	3.1666667
9243	5.0
9270	3.5
9273	1.0
9276	3.5
9279	3.3666663
9285	4.0
9288	5.0
9309	2.5
9324	3.0
9327	4.0
933	5.0
9330	4.0000005
9339	2.0
9351	3.0
9360	2.0
9375	2.0
9378	3.875
9381	3.7857144
9387	2.0
9390	4.0
9393	5.0
9396	4.0
9408	3.0
9411	3.0
942	3.0
9426	3.9901786
9429	3.5
9432	3.7777777
9438	4.125
9459	4.0
9471	3.6009881
9474	3.0
9495	2.0
9498	2.0
9513	3.0
9522	3.0
9525	4.1904764
9528	3.8645835
954	3.125
9540	3.5
9546	3.0
9552	2.0
9567	3.0
9582	4.5
9588	3.0
9591	3.3305557
96	5.0
9609	4.0
9621	3.0
963	4.15625
9639	3.5
9645	3.3630457
9654	2.7857144
9666	5.0
9669	4.5
9681	3.7
9684	3.0
9687	3.75
9690	4.0
9699	3.5
9702	3.5
9705	4.5
9708	2.0
972	4.5
9729	3.6666667
9738	3.0
9741	3.3333333
9747	3.0
9750	4.0
9756	3.3484755
9759	3.5
9768	3.4529762
9774	3.625
978	3.25
9780	3.0
9786	4.875
9792	2.0
9798	3.452381
9819	4.0
9828	3.8452382
9837	4.0
984	3.0
9840	4.0
9849	4.0
9864	5.0
9879	3.0
9882	3.5752976
9888	3.1666667
990	3.0
9900	3.4
9903	1.0
9909	4.6142855
9921	2.0
9927	1.0
993	2.0
9939	3.3010912
9951	3.0
9954	4.25
996	3.7
9960	3.794129
9963	4.0
9966	2.6666667
9972	2.0
9981	4.1666665
9984	4.0
9987	3.3333333
