1	5.0
10018	1.6666666
10024	3.0
10027	3.4125
10033	4.0
10036	3.9444444
10042	4.4038825
10051	2.0
10054	4.0
10057	3.0
10072	5.0
10078	3.2791667
10084	4.6666665
10090	5.0
10096	3.5
10099	4.0
10102	3.0
10105	3.4666667
10111	3.0
10114	3.2
10117	3.25
1012	4.0
10123	3.1059704
10126	4.0
10141	4.6
10144	4.0
10147	4.0
10153	4.0
10159	3.875
10162	3.761905
10168	2.8673928
10171	3.0
10174	4.0
10186	3.0
10189	3.6666667
10198	3.1666667
1021	4.0
10222	2.6666667
10225	3.8729167
10231	3.3972223
10234	2.0
10240	3.1666667
10243	3.0
10246	2.5
10255	3.8714287
1027	3.261905
10273	4.0
10276	3.6666667
10282	2.5833333
10294	1.6666666
10300	5.0
10318	5.0
10321	4.0
10324	2.0
1033	2.0
10345	2.0
10354	5.0
1036	4.0
10360	3.3333333
10363	3.4645832
10369	5.0
10372	3.6833334
10375	3.6718748
10378	3.3799744
10384	1.0
1039	3.5
10393	3.3333333
10396	4.0
10408	3.0
10420	3.8809526
10423	4.0
10426	4.777778
10429	2.9270833
10432	3.0
10435	3.5
10447	5.0
1045	3.0
10474	2.0
10486	1.875
10492	3.0
10501	3.0
10504	4.25
1051	3.0
10510	2.6666667
10513	3.0
10522	4.0
10531	2.0
10546	3.0
10552	5.0
10561	3.642857
10564	3.0
10573	2.0
10576	4.0
10582	3.75
10594	3.0
1060	3.0
10609	5.0
10612	4.5277777
10621	2.0
10624	3.0
10627	3.5416667
1063	3.0
10633	2.6
10639	4.0
10642	5.0
10645	4.0
10654	4.0
10657	4.0
1066	3.4791667
10660	4.0
10666	4.25
10669	4.0
10672	2.0
10678	4.5
10699	5.0
10702	3.0
10711	4.5
1072	5.0
10720	2.0
10726	5.0
10729	4.0
10744	3.5
10747	3.875
1075	3.0
10759	2.4410713
10771	3.0
10774	4.3373513
10786	3.5
10789	3.0
10792	4.0
10822	3.1666667
10825	4.0
10828	3.625
10852	3.6666667
10861	4.0
1087	3.0
10894	2.9604166
10897	4.0
10903	4.0
10906	3.4361112
10918	4.0
10921	2.9104166
10927	2.0
10930	5.0
10951	3.3333333
10957	3.5
1096	2.6666667
10975	2.0
10981	3.892857
10987	4.0
10996	3.5
10999	2.0
11005	3.5
11014	2.0
1102	3.713244
11026	4.5
11029	4.0
11032	3.625
11038	3.9166667
11047	3.5625
1105	4.0
11050	4.75
11062	4.0333333
11065	3.0
11068	5.0
11077	3.4633303
11080	2.2222223
11089	4.130487
11092	2.0
11095	3.0
11101	4.0
11107	2.5
1111	5.0
11110	3.1
11128	1.0
11131	4.0
11134	4.214286
1114	4.0
11149	3.0285714
11152	4.2405257
11155	3.0
11161	3.4
11164	4.1872025
11170	3.0
11173	3.4360118
11176	4.375
11182	3.6702209
11191	3.888889
1120	3.0
11209	3.9166665
11215	3.0
11218	3.875
11227	3.0
1123	3.6
11236	4.6666665
11242	4.25
11245	3.0
11251	3.0
11254	3.0
1126	3.25
11263	3.5
11266	3.0
11278	1.0
1129	3.0
11311	4.0
11314	3.4240348
11317	3.5
1132	2.0
11320	4.0
11323	3.4285715
11326	2.0
11335	4.0
11347	3.0
11350	3.5
11356	2.75
11365	5.0
1138	2.8
11398	3.734375
11401	4.0
11413	2.0
11416	4.0
11425	3.5
11434	3.0
1144	4.0368056
11440	2.0
11443	4.169826
11446	3.9208333
11464	2.5
11476	5.0
11479	3.6666667
11485	3.25
11503	3.6666667
11512	5.0
11521	4.5460267
11524	2.0
11551	2.7
11554	4.0
11563	4.0
11572	3.0
11575	4.0
11578	5.0
11584	4.0
11587	3.0
11590	3.0
11593	3.0
11608	4.0
11611	3.0
11614	4.0
11617	2.0
11620	3.5
11635	3.0
11638	4.075
11644	4.0
11647	3.9791667
1165	2.0
11650	4.25
11662	4.5142856
11665	3.0
11671	3.0
11674	3.6666667
11677	3.3304594
11701	3.9722223
11716	3.0
11722	3.1944447
1174	3.7416666
11740	3.8333333
11746	2.0
11752	4.25
11755	3.0
11764	3.0
11773	5.0
11779	4.0
118	4.1666665
1180	4.0224113
11812	4.335169
11815	4.5
11848	2.6666667
11851	3.0
11860	2.0
11863	3.5
11875	3.761905
11881	3.0
11884	4.0
11887	4.0
11899	2.0
11908	4.3333335
11911	3.3611114
11914	5.0
11920	3.0
11923	3.0
11926	4.15
11929	3.0
11935	4.5
11938	4.0
11941	3.0
1195	4.5
11965	4.0
11977	3.0
11983	4.0
11995	2.5
1201	2.5
12016	5.0
12028	3.625
12031	4.0
12034	4.2760415
12052	3.9479165
12061	3.6666667
12067	1.5
12073	3.3333333
12076	3.0
12079	3.0
12085	3.8333333
12091	5.0
12115	2.0
12124	1.0
12127	2.0
1213	5.0
12130	3.0
12139	4.0
12145	3.8333335
12157	5.0
1216	4.0
12160	3.25
12169	3.0
12172	4.111111
12178	3.0
12184	4.479592
12187	2.0
12205	3.5
12214	2.0
12226	3.0
12232	3.3173447
12238	3.2708333
12244	3.2125
12247	1.0
12256	4.0
12262	3.6666667
12277	4.0
1228	5.0
12280	3.9791667
12292	3.9
12301	3.4166667
12304	3.0
12307	3.8333333
1231	5.0
12316	5.0
12322	3.25
12331	2.0
12337	3.875
1234	2.5
12343	3.5342758
12349	2.0
12355	2.8791666
12361	2.0
12364	3.0
12367	3.0
1237	2.5
12376	4.125
12382	2.5
12391	4.25
12394	3.0
12397	4.6666665
12400	3.0
12409	3.0
12412	3.2222223
12424	2.0
1243	5.0
12430	3.5666668
12442	4.6666665
12466	3.0
12469	4.0
12478	4.5
12487	3.0
12490	3.25
12493	3.6529763
12496	3.0
12499	2.0
12502	3.0
12508	4.440476
12514	2.5
12517	1.6666666
1252	3.3333333
12523	2.0
12526	3.5
12538	2.5
12547	4.0
1255	3.7437499
12556	4.0
12562	3.6666667
12577	4.0
12580	3.3333333
12583	3.0
12586	4.1666665
12601	4.5
12622	4.0
1264	3.8333333
12640	5.0
12652	4.0
12655	1.0
12658	5.0
12661	3.8333333
12667	3.2
1267	3.1854167
12670	4.375
12676	4.0208335
12679	2.0
12688	3.5
12694	3.722222
127	1.0
12703	3.0
12718	4.0
12721	3.9166667
12730	1.0
12733	3.0
12736	2.0
12739	2.6
12742	1.0
12745	3.6666667
12748	3.8333333
12754	3.0
1276	1.0
12763	3.5
12766	4.5
12769	3.0
12778	3.8020835
12781	2.1111112
12784	4.0
12793	4.0
12799	3.297619
12811	3.5833333
12817	1.0
1282	4.0
12826	3.0
12838	4.125
12856	3.0
12862	3.6277778
12871	3.0
12892	3.3333333
12904	3.6904762
12913	3.75
12922	3.0
12925	5.0
12931	3.5
12934	4.0
12937	4.25
12940	3.4
12958	3.0
12961	3.0
1297	3.0
12970	2.6666667
12976	4.2
12988	2.0
12991	3.3333333
12997	2.625
1300	4.2666664
13015	4.1124997
1303	3.5
13039	4.2
13042	5.0
13051	4.5
13072	4.0
13075	2.0
13081	3.754959
13087	2.875
13090	2.888889
13102	3.0424109
13108	3.0
1312	1.0
13123	3.8333333
13129	4.21875
13135	4.0
13144	4.0
13171	3.0
13177	4.3
1318	2.0
13192	1.0
13195	3.6736941
13198	4.0
13204	4.0
13207	4.302083
13216	3.3333335
13219	3.75
13234	3.0
1324	4.13125
13240	3.0
13255	4.0479164
13258	4.3333335
13261	5.0
13270	3.5
13273	3.75
13279	3.0
13288	2.0
13318	3.1145833
13327	3.0
13342	3.4523811
13345	3.0
13348	3.0
13351	2.0
1336	3.0
13369	3.0
13375	3.0
13378	4.266667
13381	5.0
13384	3.8854167
13393	4.0
13402	3.754762
13408	2.0
13417	4.0
13420	2.75
13423	4.125
13441	4.0
13444	3.0
1345	4.0
13450	3.0
13453	3.0
13459	3.2
13462	3.2248445
13468	4.3333335
13471	3.2277777
1348	4.0
13483	3.0
13486	3.5
13489	4.0
13495	3.75
13501	3.595238
13513	5.0
13516	2.0
13519	2.9375
13522	3.0
13534	3.6666667
13546	5.0
13555	2.75
13561	4.0
13564	3.5
13567	4.0
13579	5.0
13582	3.304762
13594	3.0
13612	4.5
13636	4.16875
13648	3.6
13651	3.6427615
13663	4.5
13666	5.0
13669	4.0
13672	4.0
13675	3.3125
13696	2.5
13702	4.5
13705	3.8194444
13708	3.0
13723	2.3333333
13726	3.0
13738	4.0
13750	3.0
13771	3.6666667
13774	3.0
13783	4.0
13795	3.4375
13798	4.4
1381	3.0
13810	2.3333333
13813	3.5
13819	3.0
13822	4.0
13825	5.0
1384	2.0
13840	3.2333333
13852	2.875
13855	3.5
13858	5.0
13876	1.0
13882	3.0
13888	1.0
13894	2.0
13897	4.0
13909	3.0
13921	3.0
13927	4.0
13930	3.4166667
13951	5.0
13963	2.1666667
13978	3.0
13981	3.4555557
1399	3.0
13990	3.3666663
13993	4.0
13996	3.5
14017	4.0
1402	4.0
14020	5.0
14023	3.5
14026	3.0
14041	2.0
14047	3.2291667
14050	4.1222677
14056	3.75
14065	4.0
14074	3.0
1408	3.2
14080	2.0
14086	4.8333335
14092	3.0
14113	4.0
14119	5.0
14131	2.375
14134	3.9583333
14137	2.8
14146	3.5
14149	3.7601233
14152	3.0
14155	3.375
14158	4.0
14164	3.5
14167	3.5
14173	4.5
14179	4.0
14182	3.0
14185	4.4930553
14188	3.3333333
14194	2.75
14197	3.0
1420	3.0
14200	3.0
14203	3.2619045
14209	3.6020834
14215	2.7954369
14218	3.8989584
1423	4.0
14233	3.5904758
14242	4.0
14248	4.25
14254	3.375
14266	2.0
14272	5.0
14278	3.0
14281	4.0
14296	3.6875
14302	4.4255953
14308	1.0
14311	3.0
14317	2.875
1432	3.0
14320	4.0
14335	3.0
14344	2.0
1435	4.25
14359	4.0
14365	4.5
14377	3.4444444
14383	4.0
14389	3.0
14401	5.0
14407	3.4374998
1441	5.0
14410	3.830548
14413	2.0
14425	5.0
14428	4.0
14431	4.0
14434	3.0
14437	5.0
1444	3.0
14443	4.0
14452	2.0
14458	3.0
14467	2.2
14473	3.8
14476	3.1145835
14479	2.0
14482	3.824256
14491	2.0
1450	4.0
14506	5.0
14524	3.0
14527	3.2604167
14533	4.0
14539	4.0
14545	3.70625
14554	3.25
14578	3.5
14584	3.7125
14587	1.0
14590	3.5664682
14593	3.4
14599	4.0
14602	3.7166665
14608	3.0
14626	1.0
14644	2.966884
14653	2.0
14659	4.0
14671	4.071429
14683	4.0
14698	3.2142856
14704	2.0
1471	3.0
14716	4.0
14725	3.7470014
14731	2.625
14734	3.607143
14737	3.0833333
14749	4.0
14755	2.0190475
14758	4.0
14764	5.0
14776	3.25
14779	3.6666667
148	2.7904763
14800	4.0
14803	1.0
14806	4.1666665
14809	3.0
14812	4.0
14815	4.083333
14827	3.8809524
14830	2.6666667
14842	3.25
14848	1.0
14869	3.9976192
1489	3.0
14890	3.0541668
14911	3.6
14935	2.5
14938	4.0
14947	3.0
1495	4.866667
14953	3.6791666
14959	3.0
14965	3.0
14968	3.375
14971	2.0
14977	3.5
1498	2.0
14980	3.0
14983	3.5
14992	2.0
15007	2.0
15010	3.0
15016	3.0
15019	4.0
15031	4.1666665
15034	3.25
15037	3.25
15043	3.0
15046	3.0
15055	4.0
15058	3.7441964
15064	4.0833335
15070	3.9726188
15091	3.0
1510	5.0
15118	2.0
15124	3.7188864
15142	4.0
15151	3.1122024
15154	3.5
1516	3.0
15160	4.0
15163	3.5
15181	2.9166667
15184	5.0
15205	3.4699376
15211	4.25
1522	2.0
15223	2.3333333
15229	5.0
15244	1.0
15247	1.0
1525	2.5
15256	3.6666667
1528	4.5
15286	2.5
15289	3.0
15295	2.0
15304	2.0
15307	4.239583
15310	2.0
15316	5.0
15319	3.0
15334	2.0
15337	4.0
15343	3.0
15352	4.0
15361	3.9
15364	4.0
15367	4.0
15373	3.0714285
15385	4.104167
15394	3.6293561
15400	5.0
15409	3.6736112
15415	3.0
15418	5.0
15421	4.3875
15424	3.65625
1543	4.0
15430	4.0
15436	4.116667
15445	3.4
15451	2.0
15457	3.6666667
1546	3.0
15460	3.5
15472	3.4790673
15478	4.0
15481	3.6666667
15484	4.0
15493	3.5
15496	4.270833
15511	3.0
1552	1.0
15529	2.75
15532	3.2285714
15538	5.0
15547	1.0
15550	5.0
15562	1.5
15565	3.0
15568	4.5
1558	4.5
15592	3.0
1561	3.4016368
15616	3.0
15631	2.5
15634	3.8
15640	2.25
15643	4.0
15646	3.364286
15664	4.0
15697	3.0
157	3.5
1570	1.0
15700	4.4666667
15712	3.559524
15715	4.09375
15718	3.0
15727	4.125
1573	1.0
15730	2.8333333
15733	3.3125
15736	3.4166667
15739	3.6666667
15748	3.3333333
15757	3.5
1576	3.0
15769	3.904762
15772	3.875
15784	5.0
15787	3.25
15796	2.0
15799	2.0
15802	4.1666665
15805	3.0
15808	2.6666667
15814	4.6666665
15817	3.0
1582	3.25
15820	2.8
15829	4.0
15841	3.5
15844	4.1471686
1585	3.3229165
15853	3.4583333
15856	3.6666667
15862	3.3333333
15865	4.0
15868	4.0
15871	3.6666667
15883	4.5
15886	2.0
15892	5.0
15898	4.1666665
15901	5.0
15913	4.0
15919	3.154167
15922	3.9848213
15931	2.8333333
15934	4.0
1594	3.5
15940	3.1666667
15949	3.3333333
15952	3.41875
15955	3.214286
15958	1.0
15964	4.0
15967	3.75
15976	3.5
15979	3.5
15985	3.6666667
15988	5.0
15991	4.0
15997	3.5833335
1600	3.3333333
16006	4.0625
16012	3.0
16030	4.5
16033	3.3333333
16036	3.0
16039	3.0
16063	4.158334
16075	3.904762
16087	3.0
16090	2.1
16096	5.0
16108	1.0
16135	3.0
16147	4.095238
1615	3.8577385
16150	3.645833
16153	5.0
16162	4.3333335
16171	4.0
1618	4.5
16183	3.7142856
16192	3.0
16201	3.4249997
16204	3.0
16222	3.875
16237	5.0
16240	3.0
16252	4.0
16264	5.0
16267	2.6666667
1627	4.5
16270	2.0
16279	3.0
16285	5.0
16288	2.8333333
16291	4.0833335
16294	4.0
16303	3.6428568
16306	3.4285715
16318	3.0
16327	5.0
1633	3.6666667
16339	3.3229167
16357	3.5223215
16363	3.9166667
16384	3.9333344
16387	3.0
16390	3.241964
16393	2.5
16396	5.0
16399	5.0
16402	4.0
1642	4.177083
16438	3.6450891
16441	3.5
16444	3.0
1645	3.5916665
16459	2.6047618
16465	3.625
16468	5.0
16471	3.0
16477	3.0
1648	3.0
16492	4.0
16495	3.3333333
16516	2.8
16522	3.5511906
16525	3.5
16531	2.0
16534	4.25
16537	4.0
16552	3.7250001
16558	4.3333335
16561	3.0
16564	3.0
16567	4.2
16570	3.0
16579	3.1666665
16588	2.8333333
166	4.0
16603	5.0
16606	3.3333333
16615	4.0
16621	4.0
16636	1.0
16660	3.4285715
16663	2.5
16666	3.0
16672	3.0
16687	3.888889
16702	2.5
16705	3.0
16711	4.4952383
16732	5.0
16744	5.0
16750	3.0
16756	3.0
16765	3.5160985
16768	3.5
16777	4.0
16783	3.0
16786	3.0
16792	3.570139
16810	3.6666667
16822	5.0
16825	3.8333335
16831	3.0
16834	4.3333335
16840	3.5
16858	3.125
16861	5.0
16864	4.0
16870	3.0
16876	5.0
16879	3.8103347
16882	3.0578372
16885	3.0
16888	4.0
16891	3.4285715
169	3.0
16900	3.0
16903	4.5
16912	3.375
16915	4.0
1693	3.6666667
16930	3.190476
16936	3.0
16939	3.0
16942	5.0
16948	2.9604166
16951	5.0
16954	4.282982
1696	1.0
16960	4.5
16969	3.825
16978	2.0
16984	3.286607
1699	2.0
16993	3.0
17002	4.0833335
17008	3.7023811
17023	3.0833333
17026	3.0
17035	2.3333333
17041	3.0
17044	1.0
17047	3.8
17050	5.0
17053	2.96875
17062	2.5
17068	3.0
17071	3.5
17077	4.0
1708	4.0
17089	3.0
17104	3.0
17113	3.0
17131	2.0
17134	3.1875
17137	4.0
17146	4.25
17149	3.2232144
17152	3.0
17155	1.0
17158	2.5
17164	2.0
17167	3.0
17170	4.0
17176	3.9333332
17179	3.736111
17188	3.25
17212	4.0
17215	3.9333332
17221	2.9479167
17230	5.0
17239	4.0
17245	3.8
17248	3.0
17251	3.3645833
17260	3.0
17263	2.875
17281	3.0625
17293	2.857143
17299	4.142857
17302	4.125
17305	3.5
17308	3.4931278
17311	5.0
17317	3.0
17323	5.0
17329	2.0
17335	3.6666667
17338	3.75
17341	4.0
1735	2.0
17359	3.5
17395	2.6
17398	3.1111114
17401	2.5
17404	3.0
17407	5.0
1741	3.5
17413	3.0
17416	3.0
17428	3.5
17431	3.8625
17434	2.0
17437	3.0
1744	3.7923613
17443	4.0
17446	5.0
17449	3.75
17452	3.0714285
17455	3.0
17458	3.0
17464	1.5
17467	4.3333335
17479	3.2613094
17482	3.5770833
17491	3.4166667
17494	3.75
17497	4.0
175	3.9523764
17506	3.0781252
17512	3.25
17524	5.0
17527	4.0
17533	3.642857
17536	4.25
17539	4.0
17554	4.0
17557	3.5
1756	3.0
17560	3.949716
17563	4.75
17575	2.5
17578	3.25
1759	4.5
17614	3.0
17632	4.0
17638	4.3333335
17641	4.0
1765	3.0
17650	3.0
17653	2.5
17662	2.75
17671	4.2
17674	3.0
17677	5.0
17692	3.3958333
17701	1.0
17704	4.0
17707	4.0
1771	3.75
17716	4.0
17719	2.0
17725	2.6666667
17740	3.5
17743	3.472222
17746	5.0
17758	2.5
17761	3.5
17764	3.9983766
17767	4.0
17770	3.0
178	3.0
1783	3.6666667
1789	5.0
1792	3.5
1795	4.25
1798	4.0218363
1804	3.0
1807	3.0
181	4.0
1810	3.632589
1816	2.4
1819	2.75
1828	4.0
1831	3.0
1834	2.6666667
1837	4.0
1843	3.3427083
1846	2.0
1849	2.0
1861	3.5
1864	3.0
1867	4.0
187	3.0555553
1870	1.0
1879	5.0
1882	5.0
1885	3.5
1912	2.0
1915	5.0
1918	3.15625
1930	4.0
1933	1.0
1939	4.0
1948	2.0
1951	2.0
1960	4.0
1963	2.5
1969	3.75
1972	3.625
1975	2.4416666
1987	4.0
199	3.61875
2020	3.0
2026	4.0
2047	2.0
2053	2.0
2056	2.0
2059	4.3333335
2074	5.0
2077	3.0
208	3.5
2080	3.0
2095	3.6115158
2098	4.0
2104	2.0
211	3.0
2113	3.2
2116	1.0
2122	3.2748933
2128	4.1
2137	3.0
2140	4.0
2149	3.7
2152	3.3761754
2155	3.0
2158	5.0
2161	4.0
2167	3.8333333
2173	3.7
2176	4.0
2182	1.0
2185	1.0
2188	4.25
2200	2.862103
2203	3.0
2206	5.0
2209	4.0666666
2212	3.75
223	4.2166667
2236	5.0
2239	5.0
2248	4.0
2251	2.5
2254	2.8541665
2260	2.0
2266	3.0
2269	2.7
2284	3.4
2290	4.2961307
2293	2.0
2299	4.5
2302	3.5
2314	3.2
2317	3.5
232	2.0
2326	4.0
2329	4.1666665
2332	3.5
2341	2.5
2350	3.7333336
2356	2.0
2359	4.0
2362	4.0
2371	4.25
238	4.0
2380	5.0
2383	2.0
2386	2.7777777
2389	4.027778
2392	3.0
2395	3.4707484
2401	2.0
2407	3.0
241	4.1979165
2410	2.0
2413	2.0
2422	2.1666665
2440	4.5
2443	4.0625
2452	4.4304657
2455	2.0
2461	2.0
2464	2.875
2467	3.0
2470	3.4263887
2479	4.0
2482	2.7
2512	3.5
2518	3.888889
2527	3.0
253	4.0
2533	2.3333333
2548	4.75
2551	3.3333333
2554	3.5833333
256	3.5
2566	5.0
2569	3.0
2572	3.25
2578	3.7083333
2584	5.0
2590	5.0
2599	3.5
2617	2.9645834
262	4.3333335
2638	5.0
2653	3.0
2656	4.0
2662	4.0
2671	2.0
268	3.3333333
2680	3.9999998
2686	3.0
2689	3.0
2695	5.0
2698	3.75
2701	3.3333333
271	2.0
2719	4.0
2731	2.0
2734	3.15625
2743	4.2281246
2749	3.0
2755	4.0833335
2758	4.0
2779	2.40625
2782	4.2885237
2791	3.3333333
2797	3.0
28	3.68125
280	4.5
2800	3.288244
2803	4.473214
2809	2.8500001
283	4.125
2848	3.5
2851	3.25
2857	4.0
2866	3.4380953
2869	4.0
2872	3.875
2875	4.0
2884	4.0
289	4.0
2890	4.0416665
2893	4.0
2896	3.0
2899	4.5
2905	4.0
2920	2.9583333
2938	3.9380953
2944	4.1
295	3.5952382
2953	3.6479168
2965	3.9285715
2968	3.0
2971	2.0
2974	3.3333333
2980	2.0
2986	2.5
2989	3.0
2992	3.7625
3013	2.5
3025	4.0
3046	4.6666665
3058	3.7857144
3061	4.0
3076	3.5
3079	4.217014
3082	3.0
3085	2.9777777
3091	3.0
3106	3.7788827
3112	4.0
3124	4.0
313	3.637004
3145	5.0
3148	3.3791666
3151	3.2204554
3157	2.0
316	4.5
3160	3.0
3181	4.0
3184	4.0
3190	3.0
3193	3.0
3196	3.0
322	2.0
3220	2.5
3223	2.6666667
3226	4.0
3229	4.0
3232	4.0
325	4.0
3253	3.05
3256	2.6666667
3265	3.5416665
3274	3.3958333
3289	2.0
3301	4.0
331	3.8604167
3310	4.6666665
3313	3.0
3331	4.25
3334	3.0
334	3.4095237
3355	3.5
3364	4.111111
3367	3.0
337	2.0
3379	3.1666667
3385	3.610119
3391	4.625
3394	4.5
3397	2.5
340	2.0
3403	3.3333333
3418	3.3708334
3424	2.0
3427	3.2354147
3433	3.467708
3439	3.3333333
3451	3.25
3463	3.7803571
3466	3.1270833
3472	3.5
3475	5.0
3478	3.9722223
3481	3.0
3487	4.0
3496	4.0
3505	2.5
3520	2.0
3523	4.625
3526	3.0
3529	4.0
3532	4.0
3535	3.9
3538	3.6161704
3541	4.052083
3544	3.75
3559	3.0
3565	3.6666667
3571	2.9
3574	4.0
358	3.5
3583	5.0
3595	1.0
361	3.6458333
3610	3.6905665
3616	4.5
3622	3.5
3631	3.5
3634	3.0
3640	3.0
3646	3.0
367	3.1
3670	2.74
3685	5.0
3703	4.25
3706	3.0
3709	2.0
3712	3.0
3715	3.357143
3730	4.1800594
3733	5.0
3742	3.736111
376	4.0
3763	2.3333333
3769	5.0
3775	2.0
3778	2.0
3781	3.5
3784	5.0
3787	3.0833333
3796	2.0
3808	2.0
3811	2.0
3814	3.0
3817	3.5714288
3826	2.75
3835	3.75
3838	4.0
3841	4.0
3847	2.0
385	3.875
3862	2.8
3868	4.0
3880	4.5
3886	2.0
3904	4.0
3907	2.6666667
3910	3.0
3925	3.4656718
3928	4.0
3931	3.0
3934	4.0
3937	5.0
3943	2.0
3946	2.25
3949	2.5
3955	3.0
3958	4.5
3961	4.0
397	4.0
3970	4.0
3976	3.5
3988	3.0
4	1.0
4012	2.5
4015	3.0
4021	2.0
403	1.0
4033	4.5
4042	3.0
4048	3.0
4054	4.5
406	3.6091268
4060	3.3333333
4069	4.1666665
4072	3.0
4078	4.0
409	5.0
4099	3.0
4105	5.0
4117	2.0
4123	3.6586661
4135	3.8380952
4138	3.3333333
4141	3.4892857
4144	2.6
4147	3.6666667
415	2.0
4150	4.0
4159	3.2708335
4162	4.0
4165	2.0
4168	5.0
4171	2.375
4174	3.0
4177	4.0
4189	4.3333335
4198	2.25
4201	2.6666665
4207	3.25
421	5.0
4210	2.25
4216	2.9583333
4219	3.0
4234	4.0
4237	3.5
424	3.1166666
4240	3.0
4249	2.5
4252	3.0
4255	1.0
4267	3.0
4273	5.0
4282	3.0
4291	3.0
430	4.0
4306	4.3977375
4315	3.6940973
4327	3.0
433	4.5
4330	3.7427082
4336	3.3333333
4339	2.75
4342	5.0
4345	3.5521102
4348	5.0
4354	3.0
436	4.0
4360	4.5
4366	3.0
4369	3.0238097
4372	3.0
4378	4.0
4381	4.0
4384	3.1928573
4390	3.0
4393	3.666667
4396	2.5
4402	3.0625
4405	5.0
4411	5.0
4414	2.0
442	4.125
4420	3.6666667
4429	4.5
4432	3.8246586
4441	3.0
445	3.75
4450	3.0
4453	4.0
4465	3.0
4474	3.0
4480	5.0
4483	2.0
4492	2.6666667
4501	2.5
4507	4.0
451	5.0
4522	4.0
4528	2.0
4546	3.154762
4564	1.0
457	3.7524304
4570	3.3333333
4591	2.875
4594	3.5
46	3.5
4609	3.0
4612	3.75
4621	2.0
4627	3.3333333
463	2.0
4633	4.25
4636	3.0
4639	2.0
4660	3.547619
4663	4.0
4669	3.25
4675	4.0
4681	3.0
4699	3.5
4705	3.7510204
472	4.0
4735	1.0
4747	3.0
475	4.0
4753	2.0
4774	3.0
4777	4.0
4783	4.3333335
4786	4.3333335
4789	5.0
4798	4.0
4801	2.9444444
4804	3.0
4807	3.0
4816	3.5
4831	4.375
4843	1.0
4849	3.888889
4852	3.0
4864	3.0
4867	3.3
4870	3.7500002
4876	4.0
4885	4.0
4888	2.5
490	3.0
4900	3.0
4906	3.4916668
4912	4.3333335
4918	4.0
4930	2.0
4939	3.0
4948	3.5
4951	3.6146872
4957	4.0
4969	5.0
4972	3.2688494
4978	4.25
499	3.6666667
4996	3.5825758
4999	2.5
5005	1.0
5008	5.0
5014	4.0
5020	2.375
5023	4.0
5026	4.5
5035	3.3055553
5041	4.0
5047	3.5
505	2.5
5050	4.0833335
5056	3.3937502
5059	2.0
5071	3.9062502
5083	3.0
5089	2.0
5092	4.3
5104	3.1666667
5107	4.0
511	2.0
5137	4.133333
5140	4.1666665
5146	2.0
5149	4.3333335
5164	3.0
517	2.75
5170	1.5
5191	3.1666667
5194	2.0
52	2.5
520	4.0
5203	3.0
5221	2.0
5224	1.75
5227	3.027778
5230	3.0
5239	3.6235118
5245	3.5
5251	3.0
5254	3.0
5257	2.7666667
5278	2.0
5287	4.1166663
5293	3.808171
5296	2.5
5299	4.0
5305	2.5
5308	3.0
5314	2.0
5317	3.3860052
5320	3.4523811
5326	4.6
5341	4.5
5344	2.3333333
535	3.0
5356	3.0
5368	4.0
5377	3.0
5389	2.0
5401	3.5064335
5407	2.0
5413	4.0
5416	3.0
5425	5.0
5434	3.0194445
5446	3.0
5455	4.0
5464	3.0
5467	2.875
5473	3.0
5476	5.0
5488	3.3333333
55	2.6666667
550	3.3916667
5503	3.0
5506	3.0
5515	4.097024
5518	4.5
5521	4.3333335
5524	4.3333335
5527	1.0
5530	3.0
5533	5.0
5539	3.3333335
5545	2.8055556
5560	3.5666664
5563	3.3333333
5587	4.1
5590	2.0
5602	3.0
5605	3.5
5611	2.0
5614	3.8678074
5617	3.0
5623	1.0
5629	2.0
5638	3.6666667
5644	3.6666667
5647	4.0
5650	4.2
5656	3.8055553
5659	3.0
5665	3.3666663
5671	4.0
5680	3.0
5683	2.0
5692	2.7047617
5695	3.1366568
5704	3.690476
5707	3.5
571	4.0140986
5710	3.125
5713	1.0
5716	2.0
5731	5.0
5734	2.5
5746	5.0
5761	4.5
5767	4.0
577	3.0
5779	2.0
5788	4.223958
58	4.111111
580	3.3333333
5809	3.75
5812	4.0
5815	2.5
5827	2.0
5836	3.0625002
5845	4.3333335
5854	3.6666667
586	3.0
5869	3.0
5875	4.3095236
5878	3.0
5881	3.2222223
5884	4.0
5887	4.0
589	2.0
5896	3.3333333
5899	3.3333333
5908	2.0
5917	3.75
5926	3.876089
5941	2.0
5947	5.0
595	5.0
5962	4.0
5971	1.0
5983	3.0
5992	4.0
5995	4.0
6007	4.666667
6013	3.0
6016	3.0
6025	3.6666667
6034	3.2375
6037	3.9640193
6040	4.6666665
6043	1.0
6058	2.0
6064	2.0
6067	5.0
607	3.5543652
6070	4.5
6073	3.0714285
6076	4.0
6085	3.125
6091	3.0
6094	3.6666667
610	5.0
613	2.0
6133	3.6333332
6142	4.8
6145	4.5
6148	5.0
6166	4.159524
6190	3.6458335
6193	4.5
6196	3.7681818
6205	4.1785717
6220	4.5
6223	3.7916665
6226	3.0
6229	4.0
6235	4.1145835
6247	3.5
625	1.0
6250	2.0
6259	2.0
6262	2.3333333
6268	2.71875
6271	3.0
6274	3.9990082
6292	4.0
6295	3.0
631	3.5
6319	3.0
6322	2.0
6328	2.5555556
6334	3.1666667
6337	3.1190479
634	4.0
6343	3.3
6352	3.4444444
6355	4.875
6364	5.0
6370	3.3333333
6373	3.0
6394	3.0
640	4.0
6415	2.5
6418	3.0
6421	3.0
6424	5.0
6427	2.0
643	4.5
6430	3.5
6436	3.0
6445	4.0604167
6448	1.0
6451	3.125
6454	3.8333333
646	4.0
6475	3.8147728
6490	5.0
6499	3.0
6502	2.6
6508	3.7083335
652	3.5
6520	3.0
6523	3.625
6529	5.0
6532	2.0
6553	4.3333335
6556	3.8095238
6565	3.0
6571	3.5
6574	3.5
658	3.7291667
6586	1.0
661	4.0
6616	3.6666667
6619	4.0
6625	3.0
6631	3.4309523
6637	3.6666667
6640	3.0
6655	4.5
6661	3.65
6664	4.3333335
6667	3.0
6670	3.5
6673	2.9404762
6685	3.0
6697	4.0
670	3.3333333
6706	4.0
6709	2.0
6712	2.0
6718	3.25
6721	3.25
673	4.0
6736	3.5833333
6739	4.30625
6751	3.0
6754	2.5
6757	4.0
6760	3.090625
6766	2.0
6775	3.0
6784	2.0
6796	3.1666667
6808	2.5
682	3.3333333
6826	3.125
6829	3.6326706
6835	4.0
6844	3.283906
6850	4.0
6859	3.5742579
6868	3.3333333
6874	3.556277
6886	2.8333333
6889	2.0
6904	4.0
6907	5.0
6910	3.4166667
6913	4.0
6916	4.0
6922	5.0
6928	3.0
6931	3.0860796
6934	2.0
694	4.5
6943	3.0
6946	4.0
6949	2.0
6961	3.4166667
6985	3.0
6988	3.266667
6994	3.6319728
70	3.0
7009	3.0
7018	3.0
7024	3.0
7039	3.0
7042	3.5
7048	3.785714
7057	4.7534723
706	3.0
7060	4.6666665
7069	3.0
7072	4.2
7078	3.0
709	4.0
7117	4.0
7135	5.0
715	4.0
7150	3.0
7153	2.0
7165	2.5
7168	3.0
7171	3.0
7177	2.0
7180	3.5
7186	4.25
7192	2.0
7195	3.0
721	2.0
7210	2.0
7219	3.8458335
7234	3.8799107
7237	3.4642856
724	4.0
7240	3.4348216
7243	2.5
7249	2.8333335
7252	5.0
7264	3.5
7270	3.75
7294	4.071429
7297	3.0
730	4.0
7300	1.0
7303	4.6666665
7306	5.0
7315	2.0
7321	2.75
7324	2.6666665
733	2.0
7330	3.5883927
7336	4.2000003
7342	3.0
7351	3.0
7357	3.5
736	1.0
7360	4.0
7363	3.0714285
7378	3.0
7381	3.40625
739	3.0
7399	3.4678574
7414	3.0
7417	1.0
7426	5.0
7429	3.0
7432	3.0
7435	3.3
7450	3.0
7453	2.0
7462	3.0
7474	3.0
748	2.0
7483	3.3541665
7501	3.0
751	3.125
7510	2.5
7513	3.65
7516	3.5
7519	3.0
7522	2.0
7534	4.25
7555	3.6388886
7561	3.0
7573	4.0
7576	4.5
7585	3.0
7588	5.0
7594	2.0
76	3.6666667
760	3.9
7600	4.138889
7615	4.0
7618	3.0
7621	3.5
7624	3.8655012
7627	2.7395833
763	3.5555556
7630	4.0
7633	3.7
7636	4.1
7639	4.5
7642	4.25
7645	3.8333333
7651	3.0
7657	3.0
7669	4.0
7690	4.0
7693	2.5
7696	3.55
7699	2.0
7705	3.0
7708	4.0
7732	4.0
7735	3.0
7744	2.0
7750	2.0
7753	2.0
7756	3.0
7762	3.375
7765	3.0
7780	4.366667
7786	4.0208335
7804	4.5
7828	3.61875
7831	2.0
7843	3.0
7846	4.0
7852	2.5952382
7864	3.1666665
7870	3.5
7879	3.6354167
7882	3.1666665
7885	3.5
79	5.0
7903	5.0
7909	5.0
7942	4.888889
7957	3.0
7960	3.0
7963	4.0
7975	4.0
7984	4.5833335
7987	2.6111112
799	5.0
7990	3.0
7993	4.0
8011	3.3333335
8014	3.3333333
8020	3.2857144
8038	4.3333335
8041	3.0
8050	3.0
8071	4.0
8077	2.6666667
808	4.3333335
8086	2.9444447
8098	4.0
8101	1.8888888
8107	3.5312502
811	3.4
8116	3.878125
8131	3.4285715
814	2.0
8143	3.0
8149	3.5333335
8158	2.5
8173	3.0
8176	2.0
8191	4.6666665
8197	4.5
8212	1.0
8215	2.75
8221	5.0
8224	4.0
8227	3.0
8233	5.0
8239	3.0
8254	2.75
8266	3.0
8287	3.75
829	3.375
8293	5.0
8308	5.0
8311	4.0
8317	3.9229167
832	5.0
8320	3.0
8326	4.0
8344	2.5
8347	5.0
8377	4.5
8383	5.0
8386	5.0
8389	3.5
8404	3.0
8413	3.438095
8425	2.0
8428	3.25
8434	2.0
8437	5.0
8449	3.0
8467	3.2645833
8479	1.0
8497	5.0
85	2.0
850	3.5
8512	3.595238
8515	4.0
8518	3.3333333
8524	4.3958335
8527	5.0
8536	3.25
8539	2.0
8542	5.0
8545	3.375
8563	3.3
8566	4.0
8569	3.8666668
8572	5.0
8584	3.6666667
859	3.6666667
8593	5.0
8596	4.122678
8602	4.0
8614	4.0
862	3.2857144
8623	3.0
8629	4.0
8635	3.1041665
8638	2.0
8641	2.6666667
8644	3.7449853
8671	3.0
8677	3.6875
8683	3.5
8695	4.0
8698	4.0
871	4.0
8710	2.0
8713	3.0
8719	2.5
8722	3.0
8728	3.0666666
8731	3.0
8740	4.0
8743	3.774878
8752	3.5
8755	3.0
8758	4.0
8764	4.0565023
8767	2.0
8773	4.3333335
8782	3.0967839
88	4.0
880	4.0
8803	3.309524
8806	3.8904762
8809	3.3928573
8812	5.0
8815	3.5
8818	3.2395833
8824	2.0
8827	4.033334
883	3.6666667
8830	3.5
8845	3.4444444
8848	4.5
8851	3.95
8854	4.3333335
8857	3.0
886	4.236941
8872	3.3541667
8881	3.25
8884	3.0
889	4.3333335
8896	2.5
8908	4.25
8911	2.5
8920	2.0
8935	4.0
8938	2.3333333
895	4.5
8956	4.0
898	2.0
8980	4.041667
8986	5.0
8989	3.28125
9028	3.5
9034	3.0
9037	3.6666667
9040	1.0
9043	4.0
9049	3.5639882
9055	3.0
9061	4.0
907	4.0
9070	1.0
9094	4.0
9097	2.3333333
9109	3.0
9112	3.5
9133	4.0
9136	3.0
9154	1.0
9160	3.4479167
9175	3.5
919	2.8
9193	4.0
9205	3.424107
9208	3.95
9217	3.5555556
922	4.0
9226	2.0
9229	3.1666667
9232	2.0
9235	3.3333333
9238	3.5
9241	4.3333335
9256	2.0
9262	1.0
9265	3.40625
9274	4.0
9280	3.0
9289	3.6666667
9295	3.3333333
9298	3.2857144
931	3.0
9310	3.0
9322	5.0
9328	3.0
9331	1.75
9337	5.0
9340	3.4190454
9355	3.4
9364	2.0
937	3.8166668
9379	4.0
9382	5.0
9385	3.0
9388	2.0
940	4.194444
9415	3.1979167
9418	2.5
9421	1.0
9433	4.302778
9436	4.5
9442	3.4930553
9445	2.0
9469	3.6666667
9472	3.5
9475	1.0
9478	2.0
9481	3.7157738
9484	3.0
949	4.0
9499	3.0
9505	3.6666667
9508	3.457143
9517	3.0
952	5.0
9526	2.8333333
9532	4.0
9553	2.5
9565	4.0277777
9574	3.0
9592	3.9003787
9598	4.214286
961	2.5
9613	2.8958333
9619	4.0
9625	4.4666667
9628	4.4224434
9634	3.0
9637	2.0
964	4.3333335
9652	4.0
9658	1.0
9673	3.0
9679	3.0
9685	3.3395834
9688	3.0
9694	2.125
97	3.875
970	3.0
9712	3.0
9718	3.6666667
9724	2.0
9733	2.75
9745	3.0
9748	1.0
9751	3.0
9757	3.75
9784	1.5
9787	4.0
9796	3.0
9805	4.0
9820	3.0
9826	4.5
9838	2.0
9841	2.857143
9847	3.0
985	3.3426092
9856	3.0
9859	2.7333333
9862	3.3333333
988	5.0
9886	3.463988
9913	3.1333332
9916	2.9
9925	2.0
9928	2.0
9937	4.0
994	3.5
9940	3.404762
9946	4.3333335
9949	4.0
9961	4.0
9970	4.0
9976	2.5
9988	2.0
9991	3.6666667
