10004	3.8
1001	3.1666667
10013	3.357143
10019	3.25
10022	2.25
10028	2.5
10037	3.0
10052	2.0
10055	3.875
10061	4.5
10064	5.0
10073	4.0
10076	3.0
10082	1.5833334
10088	4.8
10094	4.0
101	3.0
1010	3.0
10109	2.75
10112	5.0
10130	3.25
10136	4.0
10139	3.0
10142	3.0
10157	4.0
10172	2.0
10175	4.0
10178	3.0
10181	5.0
10184	2.0
10190	1.5
10211	2.0
10214	3.0
10217	1.0
1022	3.5
10220	4.0
10226	3.2599998
10229	3.3333333
10232	3.0
10241	3.46875
1025	2.0
10253	3.0
10259	5.0
10274	2.4
10277	3.8
10280	4.0
10283	5.0
10286	4.25
10295	4.0
10301	4.0
10313	3.0
10316	4.0
10328	1.0
10334	4.0
10337	3.375
10343	4.0
10349	4.0
10358	3.061012
10364	4.0
10367	3.3333333
10370	2.0
10379	3.575
10382	3.0
10391	3.0
104	4.5
10400	1.0
10403	1.0
10406	4.0
10412	4.5
10418	4.7222223
10421	2.7285714
10424	3.6666667
1043	4.0
10430	1.5
10433	3.125
10436	3.44375
10451	3.6892858
1046	3.261905
10460	3.5
10466	3.5
10472	3.0
1049	3.0
10490	4.0
10505	3.5
10526	2.6666667
10538	1.0
1055	3.5
10550	3.7895424
10556	3.0
10559	5.0
10568	1.0
10574	3.0
10577	3.0
1058	4.5
10583	3.5685205
10586	2.0
10598	4.516667
10601	3.0
10604	2.0
10607	3.9568453
10613	4.25
10622	3.0
10625	3.482738
10643	4.428571
10646	4.0
10655	2.0
10661	3.5
10664	3.9
1067	2.0
10673	3.6833336
10685	3.75
107	5.0
10703	3.0
10712	3.9166667
10721	3.2222223
10724	2.5
10727	5.0
1073	4.1375
10730	3.4621525
10733	2.0
10736	3.6666667
10739	3.309524
10745	3.0
10748	3.5
10757	5.0
10760	3.0
10772	1.0
10778	5.0
10793	2.0
10799	3.0
10808	4.25
10820	4.060958
10832	3.6508927
10835	3.25
10841	4.0
10853	2.0
10856	5.0
10877	3.0
10880	3.0
10883	5.0
10886	3.357143
10889	3.3333333
10892	2.5
10910	5.0
10925	1.5
10928	3.3317552
1094	4.0
10952	2.0
10955	4.0
10961	3.5
10964	4.0
1097	2.0
10970	4.125
10979	4.25
10982	4.375
10988	3.5
10991	5.0
110	3.5
1100	1.9
11012	3.0
11018	2.0
1103	3.0
11030	3.5
11042	4.0
11045	4.0
11051	3.8541667
11060	4.0
11072	5.0
11084	4.055556
11090	3.5476189
11099	4.0
11108	4.0
11114	4.3333335
11123	4.0
11126	4.6666665
11132	2.8958333
11141	3.3333333
11153	4.0
11156	1.0
11165	3.8854167
11171	2.2083333
11180	3.0
11183	4.0
11186	3.4375
11192	4.0
11198	3.9852676
1121	4.5
11213	4.0
11219	2.8
11222	3.5833333
11225	3.5
11228	3.5
11231	1.0
11234	3.6666667
11243	3.0
11264	3.0
11267	2.5
11276	2.3333333
11279	3.737906
11288	3.0
11294	4.0
1130	2.0
11306	4.0
11315	3.6208334
11318	5.0
11336	4.0
11354	3.0
11363	2.0
11366	2.3333333
11369	5.0
11372	3.0
11378	4.0
11384	3.0
1139	4.0
11390	4.0
11399	3.0
11405	2.6666665
11408	3.0
11417	2.0
1142	1.0
11420	3.0
11426	4.0
11432	3.0
11435	3.0
1145	3.12884
11456	4.6666665
11462	3.0
11465	3.0
11468	3.125
1148	3.85
11495	3.0
11501	4.0
1151	2.8333333
11522	4.125
11525	3.0
11531	4.0
11537	3.5
11552	5.0
11555	1.0
11564	5.0
1157	2.0
11573	3.7812502
11582	3.0
11585	4.0
11597	1.0
1160	3.0
11606	4.0
11612	3.96875
1163	4.0
11630	3.5
11636	5.0
11639	2.75
11651	4.5
11663	3.5625
11669	3.4375
11678	4.0
11681	3.5
11687	2.3333333
11690	2.0
11693	3.0
11696	3.3809524
11699	5.0
11702	3.0833333
11717	3.1547618
1172	2.5
11726	4.6666665
11732	2.7
11735	3.0
11741	2.0
11744	4.5
1175	3.625
11759	3.0
11762	3.0
11765	1.0
11771	2.9916666
11789	3.3333333
11804	3.5
11810	4.2
11819	4.0
11825	3.0
11837	3.3781247
11843	3.0
11846	3.375
11849	4.0
11852	4.0
11858	4.0
11864	5.0
11876	3.0
11882	3.5555556
11888	3.8500001
11891	4.0
11903	3.5
11906	3.0
11909	3.0
11918	3.5
11921	2.0
11960	1.5
11969	3.0
11987	3.0
11999	2.9916666
12002	4.166667
12011	3.8333333
12014	3.357143
1202	3.8353672
12023	4.0
12026	5.0
12032	4.0
12035	3.3333333
12038	2.0
12044	4.0
12047	3.286977
12056	3.0059524
12065	5.0
12071	3.73125
12074	3.990625
12077	4.0
12083	3.0
12086	3.6666667
12092	2.9322917
12101	5.0
12110	4.1666665
12113	3.0
12125	4.0
12128	3.5
12134	2.0
12140	3.5
12146	3.0
12149	2.75
12155	3.968353
12158	4.1666665
12161	3.6633625
12173	4.0
12182	3.0
12188	3.8611114
12191	3.1
12194	3.3333333
12197	3.0
122	2.5
1220	3.984674
12206	4.1190476
12215	2.0
12218	2.0
12221	3.5416667
12224	3.6666665
12230	3.0
12233	3.0
12248	3.0
1226	2.6666667
12260	5.0
12263	4.5
12266	1.0
12275	3.0
12278	4.0
12293	4.4984035
12299	3.3816717
12305	3.7900298
12317	3.761567
12329	2.45
12332	3.0
12335	3.0
12338	4.334673
12347	3.2666664
12356	2.0
12359	3.5916665
12365	3.375
1238	2.0
12401	3.5
12413	4.0
12425	4.5
12428	2.0
12434	5.0
12440	3.5
12446	4.0
12464	2.0
12470	3.2936172
12473	3.725
12476	3.3208334
12479	4.0
12482	5.0
12488	4.0
12494	3.4614584
12497	3.4416666
1250	3.9
12500	3.6854167
12503	3.0
12509	5.0
12512	3.0
12524	3.0
12530	4.578572
12533	4.0
12539	3.8333333
12542	2.5
12554	3.0
1256	4.285714
12560	4.0
12563	5.0
12569	2.5
12578	2.0
12587	3.0
1259	3.0
12593	3.6666665
12596	3.5
12605	4.220982
1262	2.0
12620	1.5
12623	3.0
12626	4.0
12662	3.25
12668	4.0
12671	3.3333333
12674	1.0
12677	2.0
12683	4.0
12704	2.6666667
12707	2.0
12716	4.0
12719	3.5
12722	4.0
12731	4.3333335
12734	3.0
1274	4.0
12743	3.0
12758	4.5
12767	3.5
1277	4.0
12770	5.0
12773	2.375
12785	3.825257
12791	3.5
128	3.0
12800	3.0
12803	3.0
12812	4.0
12818	3.3277779
12824	4.0
12833	3.0
12839	4.0
12842	4.0
12851	3.5
12857	4.0
12860	3.3333333
12869	3.1666667
12872	3.0
12875	3.0
12878	3.0
12881	3.3197918
12884	3.0
1289	2.7214284
12890	3.2979167
12896	4.0
12902	3.238095
12911	3.558951
12914	4.0
1292	4.5
12920	4.0
12923	2.0
12926	3.25
12941	3.0
12944	1.0
1295	3.8333333
12953	4.0
12956	3.5625
12968	2.0
12974	3.43125
12986	4.0
12992	4.0
13007	4.236111
13010	3.5
13013	5.0
13016	5.0
13031	4.2333336
13043	3.0
13052	3.915476
13058	4.0
13067	4.0
1307	3.2497473
13073	4.4722223
13082	4.2625
13091	3.6666667
13094	3.0
13100	4.75
13103	3.6666667
13109	4.0
13112	3.0
13115	3.75
13121	2.5
13130	5.0
13139	4.6666665
13163	3.0
13184	5.0
13187	3.5
13193	2.0
13196	4.0
13205	3.0
13211	2.5
13214	2.3333333
13217	3.4846938
13220	2.5
13229	5.0
13232	2.5
13235	1.0
13241	1.0
13244	3.3333333
13268	3.0
13274	5.0
13292	4.0
13298	3.59375
13301	4.0
13304	3.1666667
13307	3.0
13319	2.0
13328	4.0
13331	4.0
13334	2.5
13352	2.75
13370	5.0
13379	5.0
13382	3.3333333
13385	3.0
13388	2.5
13391	3.6404984
13400	3.0
13409	3.6666667
13412	4.0416665
13418	3.5
13427	4.0
13433	3.6791668
13439	3.9770832
13442	5.0
13451	3.7916665
13457	3.5
1346	5.0
13460	5.0
13466	2.8895833
13472	3.0
13481	3.3333335
13493	3.8809524
13499	4.3333335
13502	2.0
13511	3.6770833
13514	4.0
13517	2.5
13523	3.5
13526	3.5
13529	3.0
13541	1.0
13547	4.1666665
13550	3.5
13556	4.5
13559	3.0
13565	2.6666667
13577	2.0
1358	4.0
13580	4.1238093
13583	5.0
13586	3.0
13595	3.1666667
13604	1.0
13610	2.9
13622	4.0148807
13625	4.0
13628	3.75
13634	4.0
1364	3.5
13640	2.5
13643	3.0
13646	4.5
13658	4.4
13664	2.0
1367	4.430556
13673	4.3022323
13685	3.0
13688	4.0
13691	3.0
1370	4.2222223
13712	3.0
13727	2.0
1373	5.0
13736	3.2
13739	5.0
13748	3.5075397
13754	3.0
13757	3.0
13763	3.7995808
13772	2.875
13775	2.0
13784	3.5416667
13787	3.7142856
13790	1.0
13805	4.0
13808	3.6666667
13814	3.0
13823	2.5
13826	2.0
13829	3.75
13832	3.0
13835	5.0
13838	2.0
13841	5.0
13847	3.904762
13853	2.9444444
13856	4.210417
13859	4.0
13865	3.1875
13868	5.0
13871	5.0
13874	4.0
13883	3.75
13886	3.3333333
13895	3.0
13901	1.0
13904	4.0
1391	2.0
13916	3.0
13934	3.0
1394	2.2857144
13940	1.0
13955	3.5
13958	3.0
13964	3.6666667
13967	4.0
13973	2.5
13979	4.111111
14003	3.3333333
14009	2.0
14021	4.0
14027	2.8
14039	3.1145833
14042	3.4708333
14054	2.0
14057	4.0
1406	3.2417164
14060	2.5
14069	5.0
14072	3.0
14075	4.0
1409	4.888889
14096	3.25
14111	4.733333
1412	3.5
14126	2.5
14135	2.6666667
14144	3.5833333
14147	5.0
14150	3.0
14165	2.5
14177	2.5
14183	3.0
14192	2.8333333
14198	3.91875
1421	4.0
14210	4.0
14216	4.166667
14219	3.9166667
14222	5.0
14225	5.0
1424	2.0
14240	4.5461197
14249	4.5
14264	4.0
14276	2.0
143	3.7916667
14303	2.6666667
14309	5.0
14312	3.5363612
14315	3.75
14327	4.0
14330	3.0
14336	3.6666667
14339	3.0
14342	3.5
14351	1.8333334
14363	3.6666667
14372	3.0
14381	4.375
14384	2.0
14387	3.0
14393	4.3333335
14396	3.0
14399	4.5
14402	2.2
14408	3.8333333
14453	2.6666667
14459	3.6895833
14468	5.0
14477	4.1666665
14480	3.0238097
14483	4.5
14498	2.0
14504	3.2
14507	3.3541667
14510	3.0
14513	3.125
14519	2.8333333
14522	4.0
14525	3.8333333
14528	2.8333333
14531	3.3333335
14534	4.0
14540	2.0
14549	2.0
14552	1.0
14558	3.0
14564	3.25
14567	4.0
14576	3.0
14579	3.0
14585	2.0
14588	3.0
1460	4.0
14600	4.0
14603	3.0
14606	3.1791666
14618	3.6193452
14621	4.4639406
14624	4.0625
14639	4.0
14642	4.388889
14648	4.055556
14651	3.5
14654	3.5
1466	3.238095
14660	3.1571429
14663	2.0
14702	3.9166667
14717	3.0
14723	2.5
14729	3.3333333
14732	4.0
14735	3.0
14738	3.8
14741	3.0
14747	2.0
14750	4.0
14753	4.0
14756	3.0
14759	3.3999999
14765	2.0
14771	2.5
14780	3.485714
14786	5.0
14795	2.0
14801	4.0
14804	2.5
14807	4.0
1481	3.1666667
14810	3.0
14813	4.0
14822	3.1388886
14825	4.1666665
14828	5.0
14837	3.0
14840	2.0
14843	5.0
14852	4.1666665
14855	3.7083333
14858	3.8
14861	3.0
14870	5.0
14873	3.8690476
14882	2.25
14894	2.6666667
14909	3.5568452
14912	2.5
14918	3.263889
14921	4.0
14936	4.5
14960	3.2333333
14963	3.5
14972	5.0
14978	3.3541665
14981	3.0
14987	3.0
1499	4.0
14990	5.0
14999	3.654552
15014	4.375
1502	3.1
15029	2.6666667
15035	5.0
15053	2.0
15062	3.9325893
15068	2.5
15071	4.0
15086	5.0
15095	4.0
15101	4.5
15107	3.9793615
15110	3.5520833
15116	4.0511904
15122	4.0
15125	3.6666667
15128	2.0
15137	4.1666665
1514	1.0
15152	5.0
15155	4.0
15158	3.25
15164	4.125
15167	3.5
15176	3.0
15182	3.238095
152	3.8
15200	2.8333333
15203	2.0
15209	4.01875
15218	5.0
15224	3.5
1523	3.0
15233	3.3062499
15239	5.0
15257	4.3333335
15260	2.5
15269	2.0
15272	3.1666667
15296	4.6675596
15305	4.0
15317	3.6666667
15320	3.0
15326	1.0
15332	2.0
15335	4.0
15356	4.0
15362	3.0
15365	2.0
15374	3.0
15377	3.5
15380	3.0
15392	5.0
15404	2.5
15407	1.0
15410	3.6666667
15422	4.4
15425	3.7559526
15440	3.5625
15443	3.5
15449	3.8
15455	3.0
15464	3.5
1547	3.5
15470	3.0
15473	2.8333333
15482	2.0
15491	3.0
15497	2.5
155	2.0
1550	4.0
15500	5.0
15506	2.5
15509	2.8333333
15515	2.0
1553	4.1666665
15530	3.9333336
15533	5.0
15536	3.0
15539	4.5
15545	3.9166667
15557	5.0
1556	2.0
15563	3.476095
15566	2.0
15569	5.0
15575	4.0
15578	3.6619048
15584	3.5
15614	2.0
15623	4.0
15629	3.0
15638	3.0
15647	1.0
15662	3.9791667
15668	3.0
15671	3.5952382
15674	3.7916667
15677	2.8333333
1568	3.0
15689	4.229167
15698	1.0
15707	3.0
1571	3.3854165
15710	4.0
15716	5.0
15740	3.0
15755	3.8942237
15758	3.9194443
15764	2.8942463
15773	4.75
15788	3.2795138
15791	4.0
15794	4.0
15797	3.0
158	2.0
15800	4.0
15803	3.7
15815	3.4642856
15818	4.0555553
15830	4.0
15833	1.0
15836	4.6666665
15848	3.75
15872	4.0
15875	3.5666668
15887	3.0777776
1589	4.5
15890	4.0
15893	3.3333333
15902	3.9750001
15905	2.0
15917	5.0
15932	2.0
15938	1.0
15941	3.0
15947	1.0
1595	3.638889
15950	1.0
15953	3.2142854
15956	3.1875
15965	5.0
15974	4.0
1598	2.0
16016	3.5047622
16022	4.4444447
16025	4.5
16034	4.0
16037	3.7
1604	4.0
16046	3.0
16052	3.8333333
16064	2.5
1607	2.0
16070	4.0
16082	3.5671628
16094	2.0
1610	3.25
16100	4.0
16103	3.0
16106	5.0
16118	3.0
16139	3.5741596
16148	3.0
1616	5.0
16169	2.9642856
16172	4.5
16175	3.875
16178	5.0
16181	3.0729167
16184	1.0
1619	5.0
16193	4.0
16199	3.3333333
16208	3.0
1622	3.0
16220	3.5
16223	4.1854167
16232	3.0
16235	3.0
16241	2.6666667
1625	4.0297623
16250	1.5
16259	4.0
16262	3.5416665
16265	4.4971724
16280	4.0
16286	3.5260417
16289	4.0
16292	4.5
16298	3.6666667
16307	2.75
16313	5.0
16322	2.0
16325	3.6770833
16328	1.0
16337	1.0
1634	4.0
16340	3.0
16343	3.421131
16349	4.5
16355	3.0
16361	3.6527777
1637	3.9
16382	4.0
16394	4.0
164	1.0
16400	4.3333335
16406	3.6458333
16412	4.75
16415	4.0431547
16439	3.0
16445	3.0625
1646	3.1666667
16460	3.125
16463	4.25
16469	3.275
16481	3.0
16487	1.0
16499	3.8374999
16517	1.0
16523	3.0
16529	3.0
16532	3.4895833
16538	3.1190476
16541	3.0
16544	3.0
16547	4.0
1655	3.0
16550	3.5
16562	3.0
16565	3.3446429
16580	4.4
16586	3.0
16601	2.0
16604	4.1555557
16607	3.5
1661	3.8
16616	2.6666667
16622	4.5
16634	3.75
1664	5.0
16640	2.9183836
16643	3.0
16676	1.5
167	4.1666665
16703	3.8377979
16709	4.0
16718	5.0
16721	3.7395835
16724	3.5
16727	3.0
1673	3.3333333
16736	2.5
16742	3.1944447
16745	4.0
16751	2.75
16754	5.0
16760	3.2142856
16769	2.0
16775	2.0
16778	2.0
16784	3.733333
16790	3.9333332
16793	3.8291667
16796	3.5
1682	3.4791667
16832	3.0
16841	5.0
16844	3.0
16847	4.0
16856	3.0
16859	3.0714285
16862	4.1
16865	4.0
16871	3.4
16883	3.0
16889	3.5
16895	4.0
16901	3.4701388
16913	3.75
16919	1.0
16922	3.246875
16931	3.611111
16937	4.5
1694	2.5
16946	3.25
16952	2.8333333
16961	5.0
16967	4.0
1697	1.0
16970	3.3
16982	2.6666667
16991	5.0
16994	4.638889
16997	3.5625
17	2.75
1700	3.047619
17027	2.0
1703	3.94375
17033	3.5
17036	4.5
17057	3.5
1706	3.0
17063	3.0
17075	4.0
17078	2.0
17081	4.125
17087	4.0
1709	3.642857
17096	4.0
17111	3.3333333
17123	4.0
17129	3.6273313
17135	3.0
17147	3.5
1715	3.0
17153	1.0
17165	4.3333335
17171	2.3333333
17174	4.1208334
17177	3.0
17180	3.4166667
17189	3.6666667
17195	3.3333333
17204	3.0
17207	3.9166665
1721	2.5
17216	3.0
17219	4.285714
17249	5.0
17258	4.0
17261	3.0
17264	4.0
17276	3.0
17279	3.0
17294	2.0
173	3.0
1730	4.5
17303	2.8
17306	3.0
17309	4.0
17321	3.9895835
17324	3.8798702
17330	3.8802083
17339	4.177678
17342	2.0
17354	4.0
17357	2.0
17381	4.1041665
17387	2.940625
17393	2.6666667
17396	3.0
17402	3.6666667
17405	3.4895833
17411	4.0
17420	5.0
17423	3.888889
17426	3.3333335
17432	4.0
17435	4.0
17441	3.5686507
1745	3.0
17453	1.5
17468	3.6666667
17474	4.0041666
1748	2.0
17480	3.0
17486	2.0
17492	4.0
17495	3.0
17498	3.0
17507	2.0
17513	3.7976189
17525	2.5
17537	3.7261906
1754	3.8666668
17540	4.0
17549	3.0
17552	3.0
17555	3.0
17558	3.0
17561	2.0
1757	3.75
17570	3.0
17573	2.0
17585	3.0
17591	4.15
17594	4.5
17597	5.0
1760	2.0
17600	3.0
17603	4.0
17612	4.5
17621	3.666369
17624	3.625
17627	4.0792127
17633	3.0
17642	4.5
17666	4.5
17672	3.8333333
17681	3.5
17687	5.0
17693	3.5
17699	5.0
17711	3.0
17714	4.5
17717	1.0
17723	5.0
17735	3.0
17741	2.0
17762	3.7708335
1787	2.0
1790	3.0
1799	3.3291667
1802	3.0
1814	1.0
1832	3.392857
185	4.0
1853	3.0
1859	4.0
1862	3.0
1865	3.3420506
1874	5.0
1877	3.9125
188	2.0
1886	3.0
1889	4.0
1901	3.4444444
191	4.0222225
1913	3.5
1922	2.0
1925	2.75
1937	2.0
1943	4.0
1955	2.875
197	3.2956347
1973	5.0
1976	3.2333336
1994	3.0
2000	3.4270835
2006	3.5
2009	3.235417
2012	3.4761903
2015	3.0
2018	5.0
2024	4.0
2033	3.3333333
2045	4.1666665
2051	3.0
2057	4.96
206	3.0
2063	4.0
2066	3.0
2072	2.6666665
2078	2.1666667
2087	4.0
209	4.6666665
2093	2.5
2102	5.0
2114	4.5
2132	4.0
2135	4.5
2144	5.0
215	4.75
2153	3.53125
2162	4.6666665
2168	5.0
2171	4.095238
2174	3.5
2177	1.0
2180	3.0
2186	3.8636904
2192	3.8333335
2195	3.5
2198	3.0
2207	3.0
2213	4.0
2216	2.5
2222	3.0
2228	5.0
2243	2.0
2246	2.0
2252	3.4375
227	3.5
2279	2.5
2285	4.0
2288	5.0
2297	5.0
2300	5.0
2306	2.0
2315	5.0
2321	3.0
2324	1.0
2333	5.0
2339	3.5
2342	3.769643
2348	3.8095238
2351	4.0
2360	3.404762
2366	3.5
2372	3.9327197
2375	3.0
2378	4.0
2396	1.0
2405	5.0
2408	5.0
2411	3.0
2414	3.0
2420	3.0
2423	3.25
2429	4.0
2432	3.0
2435	3.0
2441	4.8
2447	4.0
2453	3.0
2456	3.6333332
2459	5.0
2462	3.9375
2465	4.191837
2471	3.75
2477	2.0
248	3.75
2480	4.0
2483	2.5
2495	2.5238094
2498	2.8333333
2510	3.0
2519	3.7
2522	5.0
2525	3.5
2528	2.6666667
254	3.0
2543	3.0
2555	3.0
2558	2.6666667
2561	2.0
2567	2.0
257	4.31369
2582	2.0
2585	4.6666665
2594	3.6458333
26	3.5
2603	5.0
2612	3.3820221
2615	1.0
263	4.5
2651	3.0
2654	4.75
2660	3.9145832
2675	3.0214286
2684	2.0
2687	3.0
269	3.5833333
2690	3.6738095
2699	3.4708333
2705	5.0
2711	3.25
2726	3.0
2732	3.5
2735	4.8
275	4.1666665
2756	4.6666665
2762	2.0
2768	3.5
2771	3.2
2780	3.4285715
2783	3.388889
2795	4.5
2798	4.0
2801	2.0
2804	4.25
281	3.25
2813	3.3333335
2816	4.0
2828	1.0
2831	4.0
2834	1.0
2843	1.0
2852	3.0
2861	4.25
2870	4.0
2876	3.5
2882	3.0
2885	3.0
2888	3.0
2891	3.0
2897	3.0
290	3.4544644
2900	3.0
2903	2.0
2912	4.3333335
2921	4.0
2927	5.0
2939	3.0
2942	4.4375
2954	4.6666665
2960	2.6190474
2972	2.0
2981	3.75
299	3.6520834
3005	5.0
3011	2.0
3017	3.7708333
302	3.0
3023	5.0
3029	3.0
3032	4.0
3047	3.5
305	3.625
3071	3.6785715
3077	4.0
3086	1.0
3089	2.0
3095	3.0
3098	3.5625
3107	2.0
311	3.5666666
3113	2.8600001
3128	3.8333333
3134	3.0
314	3.0
3143	1.0
3161	3.5
3170	3.0
3173	2.0
3176	3.0
3182	3.5833333
3188	5.0
3197	3.392857
3215	2.0
3218	5.0
3221	4.0
3224	3.0
3227	3.0
3236	2.0
3239	3.7714286
3245	3.0
3254	3.2217264
3269	3.5
3272	2.0
3275	2.6
3287	4.0
329	3.5373511
3290	4.4027777
3299	2.0
3314	2.8333333
3317	3.0
3320	3.5632935
3323	3.5
3326	1.8333333
3347	3.3666663
3350	2.75
3356	1.0
3365	3.0
3368	3.5697918
3371	4.1440973
3374	4.0
3398	3.0
3401	4.0
3404	3.0
3410	3.0
3416	2.3333333
3422	3.0
3428	5.0
3434	2.9166667
3437	3.3333333
344	3.5
3446	3.71875
3449	3.0
3455	4.0
3461	3.3333333
3464	3.0
3491	3.0
3494	3.0
3497	3.0
3500	4.0
3506	3.3333333
3509	4.0
3515	3.0
3518	5.0
3521	4.8333335
3524	3.0
353	3.222222
3542	4.25
3551	4.466666
3557	2.0
356	3.0
3563	3.0
3566	2.0
3581	2.6666667
359	3.0
3593	4.125
3599	3.0
3605	4.4204364
3608	4.5
3611	2.738095
3617	3.375
362	1.5
3623	3.25
3626	3.4583333
3638	3.5868056
3650	3.5625
3659	3.5
3662	5.0
3668	5.0
3677	4.0
368	3.0
3680	2.9047618
3686	2.0
3689	3.4666667
3701	3.0
3704	3.0
371	5.0
3710	3.0
3713	3.170238
3716	3.0
3719	4.0
3725	3.0
3728	3.1805553
3734	3.0
3737	2.0
3740	2.3333333
3743	3.0
3746	4.5
3758	3.0
3767	5.0
3782	3.5208333
3794	3.0
3812	5.0
3824	3.8541667
3830	1.0
3833	5.0
3854	4.0
386	3.0
3860	3.3822713
3872	4.0
3875	4.0
3881	2.0
3887	2.0
3890	2.7083333
3893	3.425
3896	5.0
3899	4.0
3905	3.6604166
3917	3.801948
3920	2.6388888
3923	4.0
3926	3.3333335
3932	3.0
3935	3.0
3938	4.1171017
3944	3.0
3947	3.0
395	4.0
3959	3.0
3962	4.3792887
3965	5.0
398	2.25
3995	4.0
3998	5.0
4007	3.75
401	4.0
4019	3.0
4031	4.0
4040	3.0
4043	3.606872
4049	2.0
4052	3.0
4055	3.0
4064	4.5
4067	3.0
4082	1.0
4088	5.0
4091	1.0
4094	4.0
4097	3.0
410	2.0
4100	3.3333335
4106	3.0
4109	2.9714284
4115	5.0
4118	4.3333335
4127	2.625
413	3.01875
4136	3.0
4145	4.0
4148	5.0
4154	3.0
4157	3.7
416	2.8
4175	3.0
4193	3.0
4211	5.0
4214	3.75
422	4.75
4238	4.5
4244	3.0
4247	3.0
425	4.6666665
4256	3.6919641
4259	3.5
4262	3.5979168
4268	2.0
4271	2.75
428	4.0
4289	4.0
4298	1.0
431	4.0
4310	2.0
4322	3.0
4331	3.8666663
4334	2.0
4337	3.0
4340	4.0
4352	2.8666666
4355	2.375
4361	4.0
4364	3.8666668
4370	3.5
4379	1.0
4385	4.0
4394	2.0
44	4.0
4406	3.0
4409	5.0
4415	3.0
4418	3.9166667
4421	2.0
4427	4.75
443	3.8479168
4433	3.0
4439	3.0
4442	3.0
4454	4.3333335
4460	3.0
4472	3.756994
4478	4.0
4490	2.6666665
4493	2.75
4496	3.9583333
4499	3.0
4511	2.0
4517	3.25
452	5.0
4520	3.9270833
4535	3.5
4547	3.5
455	4.0
4553	5.0
4556	2.0
4559	2.0
4562	5.0
4565	4.0
4568	3.5
4577	3.8855772
458	4.5
4586	3.1
4592	5.0
4601	2.0
4610	2.0
4613	4.0
4622	4.0
4628	3.5
4631	4.0
4634	1.3333334
4640	4.197768
4652	2.642857
4658	4.0
4661	3.1279762
467	4.0
4670	2.7020833
4682	3.0
4685	3.3333333
4691	4.5
4697	4.0979166
4709	3.0
4712	1.0
4718	3.0
4721	4.0
4727	4.366667
473	3.6904762
4736	3.9
4739	3.1979167
4745	3.0359411
4748	3.0
4751	3.3
4754	2.5
4757	4.3333335
476	5.0
4766	3.25
4778	3.214286
4781	2.5
4790	4.0
4799	2.0
4805	3.3945577
482	3.5863094
4820	2.6
4823	4.0
4829	3.84375
4841	2.25
4847	3.841667
4862	3.5357144
4865	4.6666665
4874	3.6708333
4877	4.333333
488	3.0
4883	3.4602678
4886	3.0
4898	4.3333335
4901	4.0
4904	3.6666667
4910	1.0
4913	2.5
4919	4.666667
4931	2.9583335
494	3.7619045
4949	3.125
4964	3.0
497	3.0
4970	4.0
4979	4.0
4985	2.0
5	3.0
500	4.0
5033	3.3333333
5042	3.0
5048	5.0
5054	3.4045455
5063	4.0
5066	4.0
5069	3.5863094
5072	4.0
5075	4.1666665
5081	5.0
5084	3.75
5087	4.321429
509	2.0
5090	2.5
5099	4.0
5105	5.0
5108	1.0
5111	3.0
5129	3.0
5135	4.0
5141	3.6111114
5156	4.041667
5162	2.5
5168	3.5
5174	3.75
518	4.6666665
5189	4.0
5192	5.0
5204	4.5
5213	2.0
5225	3.0
5231	3.0
5234	4.5
5237	3.7261903
524	3.388889
5243	3.75
5255	4.375
5258	4.3333335
5267	4.0
527	1.0
5288	3.0
5294	3.0
5297	5.0
5309	3.8714287
5318	3.4409227
5327	3.5427577
533	4.25
5330	3.5
5333	3.9285715
5336	3.0
5345	3.680258
5351	3.6666667
5360	4.1880956
5363	3.4770834
5384	2.0
5390	2.1333334
5393	4.0
5405	3.0
5414	3.809524
5417	1.0
5423	4.0
5432	3.0
5435	3.75
5462	2.375
5468	3.0
5474	3.0
5477	3.3229167
548	3.6666667
5480	4.5
5501	1.0
5507	4.0
551	3.357143
5510	5.0
5513	3.0
5516	3.1
5519	4.7083335
5522	3.5357144
5528	3.5952382
5543	2.0
5549	4.47619
5558	5.0
5561	3.8395834
5564	2.5
557	1.0
5576	3.0
5579	3.5
5582	4.491667
5591	3.6666667
56	4.0
560	5.0
5612	3.5
5621	3.277778
5627	4.0
563	3.9166667
5633	4.4166665
5639	3.5
5642	4.0
5651	2.3333333
5657	3.0
566	1.0
5663	2.4
5672	3.5
569	4.6666665
5693	5.0
5696	4.125
5699	3.0
5708	2.9761903
5714	3.0
5717	4.0
5732	4.4824133
5735	2.5
5738	4.5833335
575	3.0
5762	4.140278
5765	3.6666667
5798	5.0
5801	5.0
5804	2.5
5807	3.6620264
5813	4.5
5819	3.0
5822	5.0
5837	4.7875
5840	5.0
5843	4.3714285
5861	3.0833333
587	4.0
5882	3.4666665
5891	3.0
5894	2.0
5897	3.2142856
5906	3.4
5909	2.0
5915	1.0
5924	3.7742558
593	4.0
5930	3.0
5939	3.6033776
5957	2.0
5960	3.0
5963	4.5
5972	4.0
5987	3.0
599	3.3333333
6005	3.5
6011	4.0
6014	3.375
6023	5.0
6029	3.9139385
6032	4.0
6044	1.0
6050	3.4309523
6053	4.0
6068	3.1666667
6077	2.0
6080	2.611111
6098	4.5
6113	3.1666667
6119	2.9791667
6122	2.75
6131	2.0
6134	3.6443024
6146	2.0
6149	4.5
6155	2.5
6158	3.6785715
6161	4.0
6173	5.0
6188	3.0
6194	1.0
6203	3.5
6206	3.7584078
6215	3.0
6221	3.8690474
6227	5.0
623	5.0
6230	4.0
6233	4.0
6236	4.0
6251	4.0
6254	4.6666665
6263	2.0
6266	3.0333333
6269	2.0
6275	4.0
6278	2.0
6281	4.2095237
6284	3.0
6287	3.7775419
629	3.375
6299	4.0
6302	2.75
6308	2.0
6326	4.0
6329	3.6076882
6344	3.0
6347	2.9538689
6350	3.4959416
6362	3.0119045
6368	3.0
6371	3.5
6374	5.0
638	5.0
6380	3.0
6383	3.0
6386	3.060639
6398	3.3125
6401	1.0
6404	1.0
6413	4.0
6416	3.0
6422	3.0
6428	4.3616076
6437	2.4761903
6449	3.4267857
6458	4.0
6461	2.0
6464	3.4302082
6470	4.0
6473	2.0
6482	3.165625
6485	4.0
6494	3.0
6497	3.0494545
6500	3.8
6503	2.0
6512	4.1666665
6524	4.0
6533	3.0
6542	3.0
6545	4.0
6578	1.0
659	2.0
6590	5.0
6596	3.1333332
6599	3.8999999
6602	4.125
6614	1.0
662	2.875
6623	3.6666667
6632	4.0
6635	4.0
6641	3.5
6647	2.0
6650	3.0
6656	5.0
6665	2.0
6671	3.0
668	4.0
6683	1.5
6686	5.0
6692	3.421623
6701	3.0
6716	3.2601192
6731	2.6666667
674	3.0
677	4.3333335
6773	2.0
6776	1.0
6797	3.9315476
680	1.5
6806	2.0
6818	5.0
6824	4.0
6827	2.5
6833	3.8410354
6836	4.0
6839	1.0
6842	4.0
6845	2.0
686	3.3
6860	3.9416664
6866	3.5
6869	2.0
6872	3.2857144
6875	5.0
6878	3.0
6887	5.0
689	3.3
6893	3.5
6899	4.0
6902	3.9489796
6908	3.2604167
6911	3.5000002
6917	3.1666667
692	3.4357142
6923	3.0
6932	5.0
695	3.0
6953	4.0
6956	4.0
6959	3.0
6962	5.0
6968	4.0
6971	4.001712
6974	4.4697914
6977	3.0
6983	4.0416665
6989	3.542857
6998	2.0
7004	2.75
7007	3.0
7010	2.5
7019	3.5
7022	4.0
7025	3.0
7028	1.0
7031	4.25
7034	3.8
7040	3.2752976
7043	3.5
7052	3.0
7055	3.6249998
7058	3.25
7064	3.0
7067	2.5052083
707	4.0
7070	3.375
7079	2.0
7082	2.0
7088	5.0
7091	2.6666667
71	3.6666667
7106	2.0
7112	3.5238097
7121	4.0
7127	3.5
7130	3.0833333
7133	4.0
7139	2.0
7142	2.0
7145	3.6041665
7148	4.0
7160	3.375
7163	3.42
7166	3.357143
7169	3.0
7172	2.5
7181	3.0
7184	3.7708333
7187	2.0
719	3.0
7193	4.375843
7208	3.4066665
7217	2.0
722	5.0
7223	2.5
7235	5.0
7238	3.0
7244	4.0
725	3.0
7253	2.5
7256	4.0
7262	4.0
7268	3.0
728	4.0
7280	3.5
7283	2.0
7292	3.0
7298	3.0
731	1.0
7322	2.5
7328	5.0
7331	2.8984127
734	3.75
7343	3.8
7355	3.0
7364	3.9958332
7370	4.285714
7382	5.0
7391	3.1666667
7397	3.742857
7406	2.4444444
7418	2.0
7421	5.0
7424	3.8333335
7427	3.3333333
743	4.0
7430	4.4375
7433	4.5
7436	3.0
7448	3.0
746	3.7
7463	2.8333333
7466	1.0
7469	4.0
7472	2.0
7475	5.0
7487	4.0
749	2.5
7493	5.0
7496	4.6666665
7505	3.5
7511	3.4702382
7517	3.2333336
752	4.5
7523	3.9895835
7526	2.0
7529	4.0
7532	1.3333334
7544	3.4285715
7547	3.0
755	3.0
7553	4.0
7556	1.0
7571	4.0
7577	4.25
758	3.2507577
7580	3.0
7583	3.0
7586	4.3083334
7589	3.75
7595	5.0
7607	3.3809524
761	2.5
7610	4.0
7613	3.1944447
7625	1.0
7631	3.4
7634	4.0
7640	4.0
7643	3.6666665
7646	3.0
7649	4.0
7652	4.3333335
7664	4.5333333
7667	4.3333335
7673	2.3333333
7685	4.0
7691	4.0
77	3.5
7703	1.4
7706	3.8333333
7712	2.0
7718	3.5
7724	3.0
7736	3.5
7739	2.9285715
7742	4.428571
7745	4.0777535
7751	4.7
7754	2.0
7757	3.6944447
7760	3.0
7763	4.0
7769	3.0
7790	1.0
7793	3.0
7802	3.0
7808	3.0
7814	3.0
7817	1.0
7820	3.3333333
7826	3.5833333
7841	3.5
7844	1.3333334
7850	4.5
7853	3.0
7865	4.5
7868	3.0
7877	3.3333333
788	3.6273808
7880	3.0
7883	4.0
7886	3.0833333
7892	3.7777777
7895	3.4523811
7898	3.0
7904	2.8713293
7910	3.3333335
7913	4.0
7919	1.0
7922	3.875
7928	3.8113093
7937	4.0172124
7940	4.0
7952	3.5
7955	3.0
797	1.0
7970	3.75
7973	4.0
7979	2.0
7985	4.5
7991	2.9523811
7997	3.9166665
8	3.6
8024	3.0
8045	3.9125
8051	4.0
8054	3.5
8060	4.0
8063	4.0
8075	5.0
8078	3.375
809	5.0
8090	5.0
8096	3.0
8099	2.4
8105	3.5
8117	4.625
8123	3.1666667
8135	3.0
8141	4.0
8159	3.6511903
8168	4.5
8171	3.8333333
8174	3.1666667
8177	3.6071432
818	2.8
8186	3.0
8189	4.0625
8192	3.0
8204	4.2
8213	4.5
8216	3.3333333
8219	2.5
8243	2.4
8246	5.0
8261	4.0
8282	4.8333335
8294	3.0
8297	3.0
83	3.6666667
8306	4.0
8312	2.5
8315	3.0
8327	4.382986
833	3.4
8330	3.0
8333	3.0
8336	5.0
8339	3.8714287
8354	4.3333335
8357	2.9375
836	3.5
8369	4.0
8372	3.6666667
8375	1.0
8378	4.0
8381	2.0
8384	3.2142856
8387	3.4800346
8393	3.7308037
8399	1.0
8405	3.8
8423	2.5
8426	5.0
8429	2.5
8432	2.0
8438	4.095238
8447	4.7166667
8465	1.0
8468	4.75
8471	3.0
8477	3.0
8480	3.0
8483	2.5476189
8489	1.0
8492	3.0
8507	4.7
851	3.8333333
8525	3.2083333
8531	3.8583333
8534	1.5
8540	4.0
8543	2.5
8549	4.5
8552	3.625
8555	3.0
8558	3.0
8561	1.0
8567	2.0
8585	3.9285715
8591	4.5
8603	3.690476
8606	3.5
8609	4.6666665
8612	2.0
8621	3.0
8624	3.5
8627	3.8214285
8636	3.347222
8645	4.0
8651	3.6276786
866	2.0
8663	3.0
8666	1.0
8669	4.2083335
8672	4.0
8678	4.5
8687	3.405922
8699	3.0
8705	3.0
8711	4.0
8717	3.5880952
872	3.9270833
8726	3.0
8744	3.4
8753	3.8333335
8756	3.0
8801	4.5
881	5.0
8813	1.0
8825	3.6666667
8837	2.8333333
884	3.0
8840	4.028571
8846	3.7205358
8849	3.0
8861	4.0
8873	4.0
8885	1.0
8888	3.0
8894	4.5
8897	3.0
890	4.0
8903	3.0
8915	3.7578464
8918	2.5
893	3.0
8930	2.0
8933	5.0
8942	4.0
8945	3.0
8948	4.0
8951	1.0
8954	3.7605655
896	3.5238094
8960	3.2916667
8966	3.2142856
8981	3.4181547
8987	5.0
8993	3.375
9005	3.0
9023	4.0
9032	3.65
9038	4.0
9044	3.0
9047	4.0
9056	1.0
9062	3.0
9074	3.5333335
908	3.8083334
9080	2.3333333
9089	3.6666667
9092	3.5
9095	3.5
9098	3.5
9101	4.3333335
9110	4.214286
9113	4.0
9116	3.7222223
9125	4.0833335
9131	3.1666665
9134	2.0
9140	2.0
9146	4.1666665
9152	2.0
9164	4.0
9170	3.1854167
9179	4.0
9185	3.0
9188	3.0597222
9197	3.5
9206	4.5
9218	3.0
9224	4.3333335
923	3.0
9230	3.0
9236	4.5
9242	4.111111
9245	3.0
9254	3.8593254
9257	3.5
9260	3.0
9272	3.0
9275	3.0
9281	3.0
929	2.5
9293	3.0
9317	3.0
9320	4.5
9323	2.6666667
9326	4.3333335
9329	2.75
9350	4.5
9353	2.0
9359	5.0
9368	3.5
9377	5.0
9383	3.5
9389	1.6666666
9392	3.8333333
9395	3.3611114
9398	3.5
9407	2.0
9410	2.5
9416	3.0
9422	3.0
9428	4.0
9431	3.0
9443	4.0
9458	3.6145833
9461	5.0
947	3.0
9479	2.5
9482	4.0
9485	4.0
95	1.0
9500	2.0
9509	3.857143
9518	2.75
9524	3.3333333
953	3.0
9539	4.125
9542	4.111111
9545	2.0
9548	3.25
9557	2.5
9569	3.5
9572	4.0
9578	3.2857144
9593	3.8520832
9596	3.875
9605	1.0
9608	4.0
9611	4.3333335
9614	3.9388893
9617	3.5529041
962	3.0833333
9626	4.166667
9629	3.0
9635	2.75
9638	2.0
9644	5.0
9653	3.0
9656	3.0
9662	4.0625
9677	2.5
9683	4.125
9686	3.6666667
9689	3.625
9695	4.0
9713	2.75
9728	3.8444939
9731	3.5
9740	3.0833333
9746	3.4
977	2.0
9776	3.25
9785	2.6190474
9788	3.34375
9800	3.2602677
9809	4.0
9818	3.9080358
9821	3.0
9824	3.0
9833	3.0
9839	3.0
986	4.0
9860	3.0
9863	3.0291667
9875	3.5
9878	3.0
989	3.4
9896	3.0
9902	3.0
9905	4.5
9908	3.5
992	1.0
9923	4.5
9926	2.0
9929	3.5416665
9947	2.0
9950	3.6
9959	4.0
9974	3.5
9977	3.0
998	2.0
9980	4.0
9983	3.5
9986	4.0
